character_id,min_hp,min_attack,min_defense,max_hp,max_attack,max_defense,base_reward_bits,base_reward_exp,skip,level_test
1,500,101,0,20300,4090,0,340,0,0,NULL
2,500,112,0,20300,4544,0,340,0,0,NULL
3,510,110,0,20706,4476,0,340,0,0,NULL
4,510,110,0,20706,4476,0,340,0,0,NULL
5,400,115,0,16240,4655,0,340,0,0,NULL
6,400,115,0,16240,4655,0,340,0,0,NULL
7,490,151,0,19894,6136,0,340,0,0,NULL
8,490,151,0,19894,6136,0,340,0,0,NULL
9,500,168,0,20300,6816,0,480,0,0,NULL
10,500,168,0,20300,6816,0,480,0,0,NULL
11,408,126,0,16565,5121,0,480,0,0,NULL
12,408,126,0,16565,5121,0,480,0,0,NULL
13,490,166,0,19894,6749,0,480,0,0,NULL
14,490,166,0,19894,6749,0,480,0,0,NULL
15,470,151,0,19082,6150,0,400,0,0,NULL
16,470,151,0,19082,6150,0,400,0,0,NULL
17,470,109,0,19082,4431,0,400,0,0,NULL
18,470,109,0,19082,4431,0,400,0,0,NULL
19,461,150,0,18700,6089,0,400,0,0,NULL
20,461,150,0,18700,6089,0,400,0,0,NULL
21,834,107,0,33850,4356,0,540,0,0,NULL
22,834,107,0,33850,4356,0,540,0,0,NULL
23,740,165,0,30024,6696,0,480,0,0,NULL
24,740,165,0,30024,6696,0,480,0,0,NULL
25,725,137,0,29435,5580,0,480,0,0,NULL
26,725,137,0,29435,5580,0,480,0,0,NULL
27,408,63,0,16565,2560,0,520,0,0,NULL
28,408,63,0,16565,2560,0,520,0,0,NULL
29,400,86,0,16240,3491,0,520,0,0,NULL
30,400,86,0,16240,3491,0,520,0,0,NULL
31,441,102,0,17905,4152,0,520,0,0,NULL
32,441,205,0,17905,8304,0,520,0,0,NULL
33,500,168,0,20300,6816,0,480,0,0,NULL
34,1650,282,0,66990,11451,0,480,0,0,NULL
35,459,159,0,18635,6446,0,520,0,0,NULL
36,1515,667,0,61497,27072,0,520,0,0,NULL
37,500,162,0,20300,6565,0,480,0,0,NULL
38,1650,272,0,66990,11029,0,480,0,0,NULL
39,461,150,0,18700,6089,0,400,0,0,NULL
40,1520,252,0,61711,10230,0,400,0,0,NULL
41,575,123,0,23345,4998,0,540,0,0,NULL
42,1898,207,0,77039,8397,0,540,0,0,NULL
43,528,109,0,21431,4431,0,540,0,0,NULL
44,1742,183,0,70721,7445,0,540,0,0,NULL
45,725,137,0,29435,5580,0,480,0,0,NULL
46,2393,231,0,97136,9375,0,480,0,0,NULL
47,490,122,0,19894,4949,0,480,0,0,NULL
48,1617,205,0,65650,8315,0,480,0,0,NULL
49,682,97,0,27669,3920,0,400,0,0,NULL
50,2249,162,0,91307,6586,0,400,0,0,NULL
51,479,145,0,19464,5894,0,400,0,0,NULL
52,1582,244,0,64230,9901,0,400,0,0,NULL
53,470,109,0,19082,4431,0,400,0,0,NULL
54,1551,183,0,62971,7445,0,400,0,0,NULL
55,461,180,0,18700,7307,0,400,0,0,NULL
56,1520,302,0,61711,12276,0,400,0,0,NULL
57,500,126,0,20300,5125,0,480,0,0,NULL
58,1650,212,0,66990,8610,0,480,0,0,NULL
59,408,95,0,16565,3841,0,480,0,0,NULL
60,1346,159,0,54664,6452,0,480,0,0,NULL
61,400,95,0,16240,3841,0,480,0,0,NULL
62,1320,159,0,53592,6452,0,480,0,0,NULL
63,441,112,0,17905,4567,0,480,0,0,NULL
64,1455,139,0,59085,5627,0,480,0,0,NULL
65,500,168,0,20300,6816,0,480,0,0,NULL
66,1650,282,0,66990,11451,0,480,0,0,NULL
67,3250,284,0,131950,11519,0,480,0,0,NULL
68,740,165,0,30024,6696,0,480,0,0,NULL
69,2440,277,0,99078,11250,0,480,0,0,NULL
70,4807,279,0,195154,11317,0,480,0,0,NULL
71,500,194,0,20300,7878,0,480,0,0,NULL
72,1650,326,0,66990,13235,0,480,0,0,NULL
73,3250,328,0,131950,13314,0,480,0,0,NULL
74,490,222,0,19894,8999,0,480,0,0,NULL
75,1617,372,0,65650,15118,0,480,0,0,NULL
76,3185,206,0,129311,8364,0,480,0,0,NULL
77,3713,91,0,150728,3690,0,340,0,0,NULL
78,2925,128,0,118755,5196,0,340,0,0,NULL
79,2244,134,0,91106,5447,0,340,0,0,NULL
80,2652,145,0,107671,5900,0,340,0,0,NULL
81,4125,265,0,167475,10743,0,340,0,0,NULL
82,3250,186,0,131950,7565,0,340,0,0,NULL
83,2156,138,0,87534,5613,0,340,0,0,NULL
84,2548,150,0,103449,6081,0,340,0,0,NULL
85,3575,158,0,145145,6396,0,480,0,0,NULL
86,4225,171,0,171535,6929,0,480,0,0,NULL
87,4250,230,0,172550,9327,0,480,0,0,NULL
88,2903,170,0,117869,6913,0,540,0,0,NULL
89,3431,184,0,139300,7489,0,540,0,0,NULL
90,4487,199,0,182161,8065,0,540,0,0,NULL
91,3163,252,0,128398,10241,0,540,0,0,NULL
92,3738,273,0,151743,11095,0,540,0,0,NULL
93,4888,294,0,198433,11948,0,540,0,0,NULL
94,2695,1037,0,109417,42114,0,480,0,0,NULL
95,3185,1124,0,129311,45624,0,480,0,0,NULL
96,4165,1210,0,169099,49133,0,480,0,0,NULL
97,55,5,0,2233,205,0,474945,0,0,NULL
98,56,5,0,2278,197,0,474945,0,0,NULL
99,55,5,0,2233,197,0,474945,0,0,NULL
100,54,5,0,2188,203,0,474945,0,0,NULL
101,500,105,0,20300,4271,0,340,0,0,NULL
102,700,143,0,28420,5824,0,340,0,0,NULL
103,900,191,0,36540,7765,0,340,0,0,NULL
104,2750,344,0,111650,13977,0,340,0,0,NULL
105,510,101,0,20706,4103,0,340,0,0,NULL
106,714,138,0,28988,5595,0,340,0,0,NULL
107,918,101,0,37271,4103,0,340,0,0,NULL
108,2805,331,0,113883,13428,0,340,0,0,NULL
109,500,138,0,20300,5595,0,340,0,0,NULL
110,700,221,0,28420,8952,0,340,0,0,NULL
111,900,101,0,36540,4103,0,340,0,0,NULL
112,2750,331,0,111650,13428,0,340,0,0,NULL
113,490,104,0,19894,4229,0,340,0,0,NULL
114,686,142,0,27852,5766,0,340,0,0,NULL
115,882,142,0,35809,5766,0,340,0,0,NULL
116,2695,341,0,109417,13840,0,340,0,0,NULL
117,49,4,0,1989,169,0,600,0,0,NULL
118,49,6,0,1989,231,0,3000,0,0,NULL
119,54,9,0,2188,369,0,9000,0,0,NULL
120,54,11,0,2188,443,0,24000,0,0,NULL
121,550,134,0,22330,5453,0,340,0,0,NULL
122,813,150,0,33026,6088,0,340,0,0,NULL
123,440,103,0,17864,4190,0,340,0,0,NULL
124,485,123,0,19695,4982,0,155554,0,0,NULL
125,550,212,0,22330,8594,0,340,0,0,NULL
126,2585,173,0,104951,7018,0,400,0,0,NULL
127,3055,187,0,124033,7602,0,400,0,0,NULL
128,3955,174,0,160575,7072,0,400,0,0,NULL
129,6232,252,0,253027,10216,0,400,0,0,NULL
130,2750,335,0,111650,13621,0,480,0,0,NULL
131,3250,363,0,131950,14756,0,480,0,0,NULL
132,2533,311,0,102852,12634,0,400,0,0,NULL
133,2994,337,0,121552,13687,0,400,0,0,NULL
134,2585,236,0,104951,9594,0,400,0,0,NULL
135,4583,197,0,186050,7995,0,400,0,0,NULL
136,2637,272,0,107050,11061,0,400,0,0,NULL
137,3116,295,0,126514,11982,0,400,0,0,NULL
138,2585,170,0,104951,6913,0,400,0,0,NULL
139,3055,184,0,124033,7489,0,400,0,0,NULL
140,2695,195,0,109417,7916,0,480,0,0,NULL
141,4778,162,0,193967,6597,0,480,0,0,NULL
142,2585,177,0,104951,7195,0,400,0,0,NULL
143,3055,192,0,124033,7795,0,400,0,0,NULL
144,3823,145,0,155223,5876,0,400,0,0,NULL
145,4518,157,0,183445,6366,0,400,0,0,NULL
146,3748,193,0,152179,7835,0,400,0,0,NULL
147,4430,209,0,179848,8488,0,400,0,0,NULL
148,2533,175,0,102852,7125,0,400,0,0,NULL
149,2994,139,0,121552,5660,0,400,0,0,NULL
150,2327,159,0,94456,6476,0,400,0,0,NULL
151,2750,173,0,111630,7015,0,400,0,0,NULL
152,2109,97,0,85640,3954,0,400,0,0,NULL
153,2493,106,0,101211,4284,0,400,0,0,NULL
154,2068,177,0,83961,7189,0,400,0,0,NULL
155,2444,192,0,99226,7789,0,400,0,0,NULL
156,2027,137,0,82282,5557,0,400,0,0,NULL
157,4790,84,0,194484,3396,0,400,0,0,NULL
158,2068,138,0,83961,5612,0,400,0,0,NULL
159,2444,150,0,99226,6080,0,400,0,0,NULL
160,2637,125,0,107050,5070,0,400,0,0,NULL
161,4674,104,0,189770,4225,0,400,0,0,NULL
162,2585,226,0,104951,9194,0,400,0,0,NULL
163,3055,245,0,124033,9960,0,400,0,0,NULL
164,3420,162,0,138850,6577,0,400,0,0,NULL
165,2695,228,0,109397,9262,0,400,0,0,NULL
166,792,243,384,32155,9860,7987,680,0,0,NULL
167,936,263,440,38002,10681,9152,680,0,0,NULL
168,4080,283,0,165648,11503,0,680,0,0,NULL
169,2693,233,0,109328,9473,0,680,0,0,NULL
170,3182,253,0,129205,10262,0,680,0,0,NULL
171,4162,272,0,168961,11052,0,680,0,0,NULL
172,2640,233,0,107184,9473,0,680,0,0,NULL
173,3120,253,0,126672,10262,0,680,0,0,NULL
174,4080,272,0,165648,11052,0,680,0,0,NULL
175,2587,240,0,105040,9763,0,680,0,0,NULL
176,3058,261,0,124139,10576,0,680,0,0,NULL
177,3998,281,0,162335,11390,0,680,0,0,NULL
178,2750,263,0,111650,10659,0,480,0,0,NULL
179,3250,284,0,131950,11548,0,480,0,0,NULL
180,4250,306,0,172550,12436,0,480,0,0,NULL
181,4067,161,0,165130,6529,0,480,0,0,NULL
182,4807,174,0,195154,7073,0,480,0,0,NULL
183,6286,188,0,255201,7617,0,480,0,0,NULL
184,2200,197,0,89320,7988,0,480,0,0,NULL
185,3900,164,0,158340,6657,0,480,0,0,NULL
186,3400,230,0,138040,9320,0,480,0,0,NULL
187,2695,190,0,109417,7721,0,480,0,0,NULL
188,3185,206,0,129311,8364,0,480,0,0,NULL
189,4165,303,0,169099,12283,0,480,0,0,NULL
190,2585,236,0,104951,9594,0,400,0,0,NULL
191,3055,256,0,124033,10393,0,400,0,0,NULL
192,3995,276,0,162197,11192,0,400,0,0,NULL
193,5273,175,0,214100,7090,0,400,0,0,NULL
194,3116,246,0,126514,9985,0,400,0,0,NULL
195,4075,265,0,165441,10754,0,400,0,0,NULL
196,2533,175,0,102852,7125,0,400,0,0,NULL
197,4491,146,0,182329,5937,0,400,0,0,NULL
198,3915,205,0,158953,8312,0,400,0,0,NULL
199,3878,131,0,157427,5318,0,400,0,0,NULL
200,3055,184,0,124033,7489,0,400,0,0,NULL
201,3995,199,0,162197,8065,0,400,0,0,NULL
202,3828,207,0,155417,8402,0,680,0,0,NULL
203,6786,172,0,275512,7001,0,680,0,0,NULL
204,5916,241,0,240190,9802,0,680,0,0,NULL
205,3905,199,0,158525,8072,0,680,0,0,NULL
206,4614,215,0,187348,8745,0,680,0,0,NULL
207,6034,232,0,244993,9417,0,680,0,0,NULL
208,3828,149,0,155417,6054,0,680,0,0,NULL
209,4524,162,0,183674,6559,0,680,0,0,NULL
210,5916,174,0,240190,7063,0,680,0,0,NULL
211,2587,181,0,105040,7340,0,680,0,0,NULL
212,3058,144,0,124139,5832,0,680,0,0,NULL
213,3998,155,0,162335,6280,0,680,0,0,NULL
214,2640,183,0,107184,7413,0,680,0,0,NULL
215,4680,152,0,190008,6178,0,680,0,0,NULL
216,4080,213,0,165648,8649,0,680,0,0,NULL
217,4677,214,0,189900,8705,0,540,0,0,NULL
218,5528,232,0,224427,9431,0,540,0,0,NULL
219,7229,250,0,293482,10156,0,540,0,0,NULL
220,2640,175,0,107184,7122,0,680,0,0,NULL
221,3120,190,0,126672,7716,0,680,0,0,NULL
222,4080,205,0,165648,8310,0,680,0,0,NULL
223,2533,175,0,102852,7125,0,400,0,0,NULL
224,2994,190,0,121552,7718,0,400,0,0,NULL
225,3915,205,0,158953,8312,0,400,0,0,NULL
226,3960,137,0,160776,5562,0,680,0,0,NULL
227,3120,193,0,126672,7833,0,680,0,0,NULL
228,4080,208,0,165648,8435,0,680,0,0,NULL
229,2903,170,0,117869,6913,0,540,0,0,NULL
230,5147,284,0,208949,11522,0,540,0,0,NULL
231,4487,199,0,182161,8065,0,540,0,0,NULL
232,2327,153,0,94456,6222,0,400,0,0,NULL
233,2750,166,0,111630,6740,0,400,0,0,NULL
234,3596,179,0,145977,7259,0,400,0,0,NULL
235,2587,240,0,105040,9763,0,680,0,0,NULL
236,3058,261,0,124139,10576,0,680,0,0,NULL
237,3998,281,0,162335,11390,0,680,0,0,NULL
238,3988,112,0,161893,4530,0,520,0,0,NULL
239,4713,121,0,191328,4908,0,520,0,0,NULL
240,6163,130,0,250198,5285,0,520,0,0,NULL
241,2805,229,0,113883,9310,0,520,0,0,NULL
242,3315,298,0,134589,12104,0,520,0,0,NULL
243,4335,321,0,176001,13035,0,520,0,0,NULL
244,2750,172,0,111650,6983,0,520,0,0,NULL
245,3250,186,0,131950,7565,0,520,0,0,NULL
246,4250,201,0,172550,8147,0,520,0,0,NULL
247,2695,236,0,109417,9571,0,520,0,0,NULL
248,3185,255,0,129311,10369,0,520,0,0,NULL
249,4165,275,0,169099,11167,0,520,0,0,NULL
250,2640,183,0,107184,7413,0,680,0,0,NULL
251,3120,198,0,126672,8031,0,680,0,0,NULL
252,4080,213,0,165648,8649,0,680,0,0,NULL
253,3635,194,0,147592,7889,0,680,0,0,NULL
254,4296,211,0,174427,8547,0,680,0,0,NULL
255,3745,295,0,152065,11966,0,680,0,0,NULL
256,2640,311,0,107184,12630,0,680,0,0,NULL
257,6240,259,0,253344,10525,0,680,0,0,NULL
258,4080,363,0,165648,14736,0,680,0,0,NULL
259,3099,195,0,125830,7916,0,540,0,0,NULL
260,3663,211,0,148708,8576,0,540,0,0,NULL
261,4790,227,0,194464,9236,0,540,0,0,NULL
262,2750,262,0,111650,10633,0,480,0,0,NULL
263,3250,284,0,131950,11519,0,480,0,0,NULL
264,4067,161,0,165130,6529,0,480,0,0,NULL
265,4807,174,0,195154,7073,0,480,0,0,NULL
266,2750,189,0,111650,7681,0,480,0,0,NULL
267,3250,205,0,131950,8321,0,480,0,0,NULL
268,2426,281,0,98475,11399,0,480,0,0,NULL
269,2867,304,0,116380,12349,0,480,0,0,NULL
270,3116,245,0,126514,9960,0,400,0,0,NULL
271,4075,264,0,165441,10727,0,400,0,0,NULL
272,2750,166,0,111630,6740,0,400,0,0,NULL
273,3596,179,0,145977,7259,0,400,0,0,NULL
274,2994,253,0,121552,10265,0,400,0,0,NULL
275,3915,272,0,158953,11055,0,400,0,0,NULL
276,3055,192,0,124033,7795,0,400,0,0,NULL
277,3995,207,0,162197,8394,0,400,0,0,NULL
278,3120,263,0,126672,10681,0,680,0,0,NULL
279,4080,283,0,165648,11503,0,680,0,0,NULL
280,3226,252,0,130965,10216,0,540,0,0,NULL
281,3812,273,0,154777,11067,0,540,0,0,NULL
282,3163,189,0,128398,7681,0,540,0,0,NULL
283,3738,205,0,151743,8321,0,540,0,0,NULL
284,2789,175,0,113247,7125,0,540,0,0,NULL
285,3296,190,0,133837,7718,0,540,0,0,NULL
286,3163,262,0,128398,10633,0,540,0,0,NULL
287,3738,284,0,151743,11519,0,540,0,0,NULL
288,2994,190,0,121552,7718,0,400,0,0,NULL
289,3915,205,0,158953,8312,0,400,0,0,NULL
290,2750,173,0,111630,7015,0,400,0,0,NULL
291,3596,186,0,145977,7555,0,400,0,0,NULL
292,3055,184,0,124033,7489,0,400,0,0,NULL
293,3995,199,0,162197,8065,0,400,0,0,NULL
294,3315,273,0,134589,11067,0,480,0,0,NULL
295,4335,294,0,176001,11918,0,480,0,0,NULL
296,2864,171,0,116285,6944,0,680,0,0,NULL
297,3745,184,0,152065,7479,0,50000,0,0,NULL
298,3748,151,0,152179,6116,0,400,0,0,NULL
299,4430,163,0,179848,6626,0,400,0,0,NULL
300,2637,170,0,107050,6913,0,400,0,0,NULL
301,3116,184,0,126514,7489,0,400,0,0,NULL
302,2068,133,0,83961,5392,0,400,0,0,NULL
303,2444,144,0,99226,5841,0,400,0,0,NULL
304,2533,233,0,102852,9476,0,400,0,0,NULL
305,2994,253,0,121552,10265,0,400,0,0,NULL
306,3250,284,0,131950,11519,0,480,0,0,NULL
307,4250,306,0,172550,12405,0,480,0,0,NULL
308,4807,174,0,195154,7073,0,480,0,0,NULL
309,6286,188,0,255201,7617,0,480,0,0,NULL
310,2600,160,0,105560,6491,0,480,0,0,NULL
311,3400,172,0,138040,6990,0,480,0,0,NULL
312,3185,211,0,129311,8576,0,480,0,0,NULL
313,4165,227,0,169099,9236,0,480,0,0,NULL
314,2444,144,0,99226,5841,0,400,0,0,NULL
315,3196,155,0,129758,6291,0,50000,0,0,NULL
316,2994,190,0,121552,7718,0,400,0,0,NULL
317,7830,157,0,317906,6394,0,400,0,0,NULL
318,2444,192,0,99226,7789,0,400,0,0,NULL
319,7990,159,0,324394,6452,0,400,0,0,NULL
320,4430,163,0,179848,6626,0,400,0,0,NULL
321,5793,176,0,235186,7135,0,400,0,0,NULL
322,3116,245,0,126514,9960,0,400,0,0,NULL
323,4075,264,0,165441,10727,0,400,0,0,NULL
324,3055,184,0,124033,7489,0,400,0,0,NULL
325,3995,199,0,162197,8065,0,400,0,0,NULL
326,2695,171,0,109397,6946,0,400,0,0,NULL
327,3524,184,0,143058,7481,0,400,0,0,NULL
328,0,0,0,0,0,0,400,0,0,NULL
329,0,0,0,0,0,0,400,0,0,NULL
330,4250,201,0,172550,8147,0,520,0,0,NULL
331,0,0,0,0,0,0,340,0,0,NULL
332,8,4,1000,305,171,20800,340,0,0,NULL
333,15,6,3000,609,233,62400,340,0,0,NULL
334,19,9,10000,782,373,207992,340,0,0,NULL
335,55,11,15000,2233,447,312000,340,0,0,NULL
336,8,4,1000,311,164,20800,340,0,0,NULL
337,15,6,3000,621,224,62400,340,0,0,NULL
338,20,9,10000,797,358,207992,340,0,0,NULL
339,56,11,15000,2278,430,312000,340,0,0,NULL
340,8,4,1000,305,164,20800,340,0,0,NULL
341,10,6,3000,406,224,62400,340,0,0,NULL
342,19,9,10000,782,358,207992,340,0,0,NULL
343,55,11,15000,2233,430,312000,340,0,0,NULL
344,7,4,1000,298,169,20800,340,0,0,NULL
345,15,6,3000,597,231,62400,340,0,0,NULL
346,19,9,10000,766,369,207992,340,0,0,NULL
347,54,11,15000,2188,443,312000,340,0,0,NULL
348,500,153,0,20300,6212,0,340,0,0,NULL
349,500,153,0,20300,6212,0,340,0,0,NULL
350,510,147,0,20706,5968,0,340,0,0,NULL
351,510,147,0,20706,5968,0,340,0,0,NULL
352,500,147,0,20300,5968,0,340,0,0,NULL
353,500,147,0,20300,5968,0,340,0,0,NULL
354,490,152,0,19894,6151,0,340,0,0,NULL
355,490,152,0,19894,6151,0,340,0,0,NULL
356,50,8,0,2030,311,0,340,0,0,NULL
357,51,7,0,2071,298,0,340,0,0,NULL
358,50,7,0,2030,298,0,340,0,0,NULL
359,49,8,0,1989,308,0,340,0,0,NULL
360,725,143,0,29435,5808,0,480,0,0,NULL
361,725,143,0,29435,5808,0,480,0,0,NULL
362,459,146,0,18635,5909,0,480,0,0,NULL
363,459,146,0,18635,5909,0,480,0,0,NULL
364,500,215,0,20300,8731,0,480,0,0,NULL
365,500,215,0,20300,8731,0,480,0,0,NULL
366,490,167,0,19894,6766,0,480,0,0,NULL
367,490,167,0,19894,6766,0,480,0,0,NULL
368,3596,248,0,145977,10073,0,400,0,0,NULL
369,8989,191,0,364943,7749,0,400,0,0,NULL
370,500,153,0,20300,6196,0,340,0,0,NULL
371,550,183,0,22330,7436,0,340,0,0,NULL
372,510,147,0,20706,5968,0,340,0,0,NULL
373,561,176,0,22777,7162,0,340,0,0,NULL
374,450,80,0,18270,3250,0,480,0,0,NULL
375,495,96,0,20097,3900,0,480,0,0,NULL
376,2646,244,0,107428,9895,0,480,0,0,NULL
377,2867,253,0,116380,10291,0,480,0,0,NULL
378,3116,246,0,126514,9985,0,400,0,0,NULL
379,4075,265,0,165441,10754,0,400,0,0,NULL
380,3105,246,0,126063,9993,0,540,0,0,NULL
381,3364,256,0,136568,10393,0,540,0,0,NULL
382,4399,276,0,178589,11192,0,540,0,0,NULL
383,5528,232,0,224427,9431,0,540,0,0,NULL
384,7229,250,0,293482,10156,0,540,0,0,NULL
385,3738,273,0,151743,11095,0,540,0,0,NULL
386,4888,294,0,198433,11948,0,540,0,0,NULL
387,2352,211,0,95491,8576,0,480,0,0,NULL
388,2548,220,0,103449,8919,0,480,0,0,NULL
389,3332,237,0,135279,9605,0,480,0,0,NULL
390,2444,200,0,99226,8107,0,400,0,0,NULL
391,3196,215,0,129758,8730,0,400,0,0,NULL
392,2876,315,0,116782,12770,0,400,0,0,NULL
393,3116,327,0,126514,13281,0,400,0,0,NULL
394,4075,352,0,165441,14302,0,400,0,0,NULL
395,4089,201,0,166013,8161,0,400,0,0,NULL
396,4430,209,0,179848,8488,0,400,0,0,NULL
397,5793,225,0,235186,9140,0,400,0,0,NULL
398,2994,253,0,121552,10291,0,400,0,0,NULL
399,3915,273,0,158953,11083,0,400,0,0,NULL
400,3000,364,0,121800,14768,0,480,0,0,NULL
401,3250,378,0,131950,15358,0,480,0,0,NULL
402,4250,407,0,172550,16540,0,480,0,0,NULL
403,3315,273,0,134589,11095,0,480,0,0,NULL
404,4335,294,0,176001,11948,0,480,0,0,NULL
405,2700,236,0,109620,9601,0,480,0,0,NULL
406,2925,246,0,118755,9985,0,480,0,0,NULL
407,3825,265,0,155295,10754,0,480,0,0,NULL
408,3058,347,0,124139,14102,0,680,0,0,NULL
409,3998,374,0,162335,15187,0,680,0,0,NULL
410,2994,253,0,121552,10291,0,400,0,0,NULL
411,3915,273,0,158953,11083,0,400,0,0,NULL
412,711,129,0,28846,5228,0,340,0,0,NULL
413,782,155,0,31731,6274,0,340,0,0,NULL
414,100,1000,0,100,1000,0,998876,0,0,NULL
415,100,1000,0,100,1000,0,998876,0,0,NULL
416,100,1000,0,100,1000,0,998876,0,0,NULL
417,100,1000,0,100,1000,0,998876,0,0,NULL
418,4430,218,0,179848,8834,0,400,0,0,NULL
419,5793,234,0,235186,9514,0,400,0,0,NULL
420,2493,192,0,101211,7789,0,400,0,0,NULL
421,3260,207,0,132353,8388,0,400,0,0,NULL
422,3995,265,0,162197,10754,0,400,0,0,NULL
423,3995,265,0,162197,10754,0,400,0,0,NULL
424,2994,337,0,121552,13687,0,400,0,0,NULL
425,3915,363,0,158953,14740,0,400,0,0,NULL
426,2994,337,0,121552,13687,0,400,0,0,NULL
427,3915,363,0,158953,14740,0,50000,0,0,NULL
428,425,14,0,17255,565,0,340,0,0,NULL
429,425,13,0,17255,543,0,340,0,0,NULL
430,434,13,0,17600,543,0,340,0,0,NULL
431,417,14,0,16910,560,0,340,0,0,NULL
432,3058,261,0,124139,10603,0,680,0,0,NULL
433,3998,281,0,162335,11419,0,50000,0,0,NULL
434,3055,256,0,124033,10393,0,400,0,0,NULL
435,3995,276,0,162197,11192,0,400,0,0,NULL
436,2589,213,0,105104,8641,0,400,0,0,NULL
437,2804,221,0,113862,8987,0,400,0,0,NULL
438,3667,238,0,148897,9678,0,400,0,0,NULL
439,3000,318,0,121800,12899,0,520,0,0,NULL
440,3250,330,0,131950,13415,0,520,0,0,NULL
441,4250,356,0,172550,14447,0,520,0,0,NULL
442,4618,239,0,187501,9719,0,480,0,0,NULL
443,6039,258,0,245194,10467,0,480,0,0,NULL
444,100,1000,0,100,1000,0,999080,0,0,NULL
445,100,1000,0,100,1000,0,999080,0,0,NULL
446,100,1000,0,100,1000,0,999080,0,0,NULL
447,100,1000,0,100,1000,0,999080,0,0,NULL
448,3196,207,0,129758,8388,0,400,0,0,NULL
449,3995,265,0,162197,10754,0,400,0,0,NULL
450,2994,253,0,121552,10291,0,400,0,0,NULL
451,3995,265,0,162197,10754,0,400,0,0,NULL
452,3250,284,0,131950,11548,0,480,0,0,NULL
453,4250,306,0,172550,12436,0,480,0,0,NULL
454,4518,209,0,183445,8488,0,400,0,0,NULL
455,5909,225,0,239889,9140,0,400,0,0,NULL
456,2750,221,0,111630,8987,0,400,0,0,NULL
457,3596,238,0,145977,9678,0,400,0,0,NULL
458,5311,239,0,215626,9719,0,540,0,0,NULL
459,6945,258,0,281973,10467,0,540,0,0,NULL
460,2804,221,0,113862,8987,0,400,0,0,NULL
461,3667,238,0,148897,9678,0,400,0,0,NULL
462,4089,209,0,166013,8494,0,400,0,0,NULL
463,4430,218,0,179848,8834,0,400,0,0,NULL
464,5793,234,0,235186,9514,0,400,0,0,NULL
465,3116,246,0,126514,9985,0,400,0,0,NULL
466,4075,265,0,165441,10754,0,400,0,0,NULL
467,2750,221,0,111630,8987,0,400,0,0,NULL
468,3596,238,0,145977,9678,0,400,0,0,NULL
469,2764,324,0,112202,13161,0,400,0,0,NULL
470,2994,337,0,121552,13687,0,400,0,0,NULL
471,3915,363,0,158953,14740,0,400,0,0,NULL
472,3055,256,0,124033,10393,0,400,0,0,NULL
473,3995,276,0,162197,11192,0,400,0,0,NULL
474,3738,378,0,151743,15358,0,540,0,0,NULL
475,4888,407,0,198433,16540,0,540,0,0,NULL
476,2448,186,0,99389,7565,0,340,0,0,NULL
477,2652,194,0,107671,7867,0,340,0,0,NULL
478,3468,209,0,140801,8472,0,340,0,0,NULL
479,2808,228,0,114005,9259,0,680,0,0,NULL
480,3672,246,0,149083,9971,0,680,0,0,NULL
481,4007,207,0,162693,8411,0,400,0,0,NULL
482,4341,215,0,176251,8747,0,400,0,0,NULL
483,5677,232,0,230482,9420,0,400,0,0,NULL
484,2750,230,0,111630,9354,0,400,0,0,NULL
485,3596,248,0,145977,10073,0,400,0,0,NULL
486,4250,306,0,172550,12436,0,480,0,0,NULL
487,5909,225,0,239889,9140,0,400,0,0,NULL
488,3596,238,0,145977,9678,0,400,0,0,NULL
489,3524,246,0,143058,9974,0,400,0,0,NULL
490,3116,246,0,126514,9985,0,400,0,0,NULL
491,4075,265,0,165441,10754,0,400,0,0,NULL
492,4713,242,0,191328,9816,0,480,0,0,NULL
493,6163,260,0,250198,10571,0,480,0,0,NULL
494,2804,221,0,113862,8987,0,400,0,0,NULL
495,3667,238,0,148897,9678,0,400,0,0,NULL
496,2820,315,0,114492,12770,0,400,0,0,NULL
497,3055,327,0,124033,13281,0,400,0,0,NULL
498,3995,352,0,162197,14302,0,400,0,0,NULL
499,2994,253,0,121552,10291,0,400,0,0,NULL
500,3915,273,0,158953,11083,0,400,0,0,NULL
501,3915,273,0,158953,11083,0,400,0,0,NULL
502,3055,340,0,124033,13823,0,400,0,0,NULL
503,3995,367,0,162197,14886,0,400,0,0,NULL
504,3315,363,0,134589,14756,0,480,0,0,NULL
505,4335,391,0,176001,15891,0,480,0,0,NULL
506,3055,327,0,124033,13281,0,400,0,0,NULL
507,3995,352,0,162197,14302,0,400,0,0,NULL
508,2994,337,0,121552,13687,0,1000,0,0,NULL
509,3915,363,0,158953,14740,0,1000,0,0,NULL
510,3738,378,0,151743,15358,0,540,0,0,NULL
511,4888,407,0,198433,16540,0,540,0,0,NULL
512,3120,351,0,126672,14242,0,680,0,0,NULL
513,4080,378,0,165648,15337,0,680,0,0,NULL
514,3182,337,0,129205,13683,0,680,0,0,NULL
515,4162,363,0,168961,14736,0,680,0,0,NULL
516,2444,192,0,99226,7789,0,400,0,0,NULL
517,3196,207,0,129758,8388,0,400,0,0,NULL
518,3058,347,0,124139,14102,0,680,0,0,NULL
519,3998,374,0,162335,15187,0,680,0,0,NULL
520,149,14,6666,6039,565,138661,340,0,0,NULL
521,152,13,6666,6160,543,138661,340,0,0,NULL
522,149,13,6666,6039,543,138661,340,0,0,NULL
523,146,14,6666,5918,560,138661,340,0,0,NULL
524,146,14,6666,5918,560,138661,340,0,0,NULL
525,2444,192,0,99226,7789,0,340,0,0,NULL
526,3196,207,0,129758,8388,0,340,0,0,NULL
527,2994,246,0,85626,9986,0,340,0,0,NULL
528,3915,273,0,158953,11083,0,340,0,0,NULL
529,500,206,0,20300,8344,0,340,0,0,NULL
530,510,147,0,20706,5968,0,340,0,0,NULL
531,400,115,0,16240,4655,0,340,0,0,NULL
532,490,201,0,19894,8181,0,340,0,0,NULL
533,470,151,0,19082,6150,0,400,0,0,NULL
534,408,115,0,16565,4655,0,520,0,0,NULL
535,470,146,0,19082,5909,0,400,0,0,NULL
536,490,222,0,19894,8999,0,480,0,0,NULL
537,490,143,0,19878,5819,0,340,0,0,NULL
538,470,148,0,19098,5997,0,340,0,0,NULL
539,2984,224,0,121130,9078,0,340,0,0,NULL
540,3902,241,0,158401,9776,0,340,0,0,NULL
541,3315,248,0,134589,10086,0,340,0,0,NULL
542,4335,268,0,176001,10862,0,340,0,0,NULL
543,3185,256,0,129311,10395,0,340,0,0,NULL
544,4165,276,0,169099,11195,0,340,0,0,NULL
545,2548,200,0,103449,8108,0,340,0,0,NULL
546,3332,215,0,135279,8732,0,340,0,0,NULL
547,3000,331,0,121800,13425,0,340,0,0,NULL
548,3250,344,0,131950,13962,0,340,0,0,NULL
549,4350,211,0,176610,8580,0,340,0,0,NULL
550,4713,220,0,191328,8923,0,340,0,0,NULL
551,2700,215,0,109620,8728,0,340,0,0,NULL
552,2925,224,0,118755,9078,0,340,0,0,NULL
553,3250,330,0,131950,13415,0,340,0,0,NULL
554,4250,356,0,172550,14447,0,340,0,0,NULL
555,2600,194,0,105560,7867,0,340,0,0,NULL
556,3400,209,0,138040,8472,0,340,0,0,NULL
557,3000,239,0,121800,9698,0,340,0,0,NULL
558,3250,248,0,131950,10086,0,340,0,0,NULL
559,4250,268,0,172550,10862,0,340,0,0,NULL
560,2585,314,0,104951,12759,0,400,0,0,NULL
561,2637,302,0,107050,12259,0,400,0,0,NULL
562,2750,335,0,111650,13621,0,480,0,0,NULL
563,2533,311,0,102852,12634,0,400,0,0,NULL
564,3995,276,0,162197,11192,0,400,0,0,NULL
565,5909,225,0,239889,9140,0,400,0,0,NULL
566,5793,225,0,235186,9140,0,400,0,0,NULL
567,4165,303,0,169099,12314,0,480,0,0,NULL
568,3915,273,0,158953,11083,0,400,0,0,NULL
569,3468,209,0,140801,8472,0,340,0,0,NULL
570,3468,209,0,140801,8472,0,340,0,0,NULL
571,2448,186,0,99389,7565,0,340,0,0,NULL
572,300,12,0,12180,485,0,340,0,0,NULL
573,4713,211,0,191328,8573,0,520,0,0,NULL
574,6163,227,0,250198,9233,0,520,0,0,NULL
575,3250,378,0,131950,15358,0,480,0,0,NULL
576,4250,407,0,172550,16540,0,480,0,0,NULL
577,3250,259,0,131950,10498,0,340,0,0,NULL
578,4250,278,0,172550,11305,0,340,0,0,NULL
579,2864,228,0,116285,9259,0,680,0,0,NULL
580,3745,246,0,152065,9971,0,680,0,0,NULL
581,3250,330,0,131950,13415,0,520,0,0,NULL
582,4250,356,0,172550,14447,0,520,0,0,NULL
583,3185,341,0,129311,13825,0,520,0,0,NULL
584,4165,367,0,169099,14889,0,520,0,0,NULL
585,4350,211,0,176610,8580,0,520,0,0,NULL
586,4713,220,0,191328,8923,0,520,0,0,NULL
587,6163,237,0,250198,9610,0,520,0,0,NULL
588,3060,239,0,124236,9698,0,340,0,0,NULL
589,3315,248,0,134589,10086,0,340,0,0,NULL
590,4335,268,0,176001,10862,0,340,0,0,NULL
591,3105,236,0,126063,9601,0,540,0,0,NULL
592,3364,246,0,136568,9985,0,540,0,0,NULL
593,4399,265,0,178589,10754,0,540,0,0,NULL
594,3663,375,0,148708,15208,0,540,0,0,NULL
595,4790,403,0,194464,16378,0,540,0,0,NULL
596,2820,246,0,114492,9993,0,400,0,0,NULL
597,3055,256,0,124033,10393,0,400,0,0,NULL
598,3995,276,0,162197,11192,0,400,0,0,NULL
599,3519,349,0,142871,14189,0,540,0,0,NULL
600,3812,363,0,154777,14756,0,540,0,0,NULL
601,4985,391,0,202401,15891,0,540,0,0,NULL
602,2600,213,0,105560,8654,0,480,0,0,NULL
603,3400,230,0,138040,9320,0,480,0,0,NULL
604,2258,196,0,91672,7952,0,680,0,0,NULL
605,2446,204,0,99311,8270,0,680,0,0,NULL
606,3199,219,0,129868,8906,0,680,0,0,NULL
607,550,244,0,22330,9914,0,340,0,0,NULL
608,813,150,0,33026,6088,0,340,0,0,NULL
609,440,138,0,17864,5586,0,340,0,0,NULL
610,550,176,0,22330,7162,0,340,0,0,NULL
611,550,244,0,22330,9914,0,340,0,0,NULL
612,813,150,0,33026,6088,0,340,0,0,NULL
613,440,138,0,17864,5586,0,340,0,0,NULL
614,550,176,0,22330,7162,0,340,0,0,NULL
615,4888,407,0,198433,16540,0,540,0,0,NULL
616,4985,391,0,202401,15891,0,540,0,0,NULL
617,4888,294,0,198433,11948,0,540,0,0,NULL
618,4311,273,0,175017,11083,0,540,0,0,NULL
619,3055,246,0,124033,9985,0,400,0,0,NULL
620,3995,265,0,162197,10754,0,400,0,0,NULL
621,3995,265,0,162197,10754,0,400,0,0,NULL
622,3055,327,0,124033,13281,0,400,0,0,NULL
623,4165,367,0,169099,14889,0,400,0,0,NULL
624,4165,367,0,169099,14889,0,400,0,0,NULL
625,3116,327,0,126514,13281,0,400,0,0,NULL
626,4075,352,0,165441,14302,0,400,0,0,NULL
627,4335,294,0,176001,11948,0,480,0,0,NULL
628,4335,294,0,176001,11948,0,480,0,0,NULL
629,5916,232,0,240190,9417,0,680,0,0,NULL
630,5916,232,0,240190,9417,0,680,0,0,NULL
631,3915,273,0,158953,11083,0,400,0,0,NULL
632,3672,256,0,149083,10378,0,680,0,0,NULL
633,4250,268,0,172550,10862,0,340,0,0,NULL
634,3738,378,0,151743,15358,0,540,0,0,NULL
635,4888,407,0,198433,16540,0,540,0,0,NULL
636,3000,331,0,121800,13425,0,400,0,0,NULL
637,3250,344,0,131950,13962,0,400,0,0,NULL
638,3998,281,0,162335,11419,0,680,0,0,NULL
639,3055,256,0,124033,10393,0,400,0,0,NULL
640,3315,273,0,134589,11095,0,480,0,0,NULL
641,3250,248,0,131950,10086,0,340,0,0,NULL
642,3120,351,0,126672,14242,0,680,0,0,NULL
643,4080,378,0,165648,15337,0,680,0,0,NULL
644,2804,122,0,113862,4943,0,400,0,0,NULL
645,3667,131,0,148897,5323,0,400,0,0,NULL
646,3250,186,0,131950,7565,0,340,0,0,NULL
647,4250,201,0,172550,8147,0,340,0,0,NULL
648,3120,337,0,126672,13683,0,680,0,0,NULL
649,4080,363,0,165648,14736,0,680,0,0,NULL
650,2867,139,0,116380,5660,0,480,0,0,NULL
651,3749,150,0,152189,6095,0,480,0,0,NULL
652,3663,375,0,148708,15208,0,540,0,0,NULL
653,4790,403,0,194464,16378,0,540,0,0,NULL
654,3058,191,0,124139,7756,0,680,0,0,NULL
655,3998,206,0,162335,8353,0,680,0,0,NULL
656,3120,337,0,126672,13683,0,680,0,0,NULL
657,4080,363,0,165648,14736,0,680,0,0,NULL
658,3250,284,0,131950,11519,0,480,0,0,NULL
659,4250,306,0,172550,12405,0,480,0,0,NULL
660,3315,205,0,134589,8321,0,480,0,0,NULL
661,4335,294,0,176001,11948,0,480,0,0,NULL
662,4350,203,0,176610,8244,0,340,0,0,NULL
663,4713,211,0,191328,8573,0,340,0,0,NULL
664,6163,227,0,250198,9233,0,340,0,0,NULL
665,2940,246,0,119364,9995,0,340,0,0,NULL
666,3185,256,0,129311,10395,0,340,0,0,NULL
667,4165,276,0,169099,11195,0,340,0,0,NULL
668,4176,216,0,169546,8752,0,680,0,0,NULL
669,4524,224,0,183674,9102,0,680,0,0,NULL
670,5916,241,0,240190,9802,0,680,0,0,NULL
671,3060,349,0,124236,14189,0,480,0,0,NULL
672,3315,363,0,134589,14756,0,480,0,0,NULL
673,4335,391,0,176001,15891,0,480,0,0,NULL
674,3120,253,0,126672,10288,0,680,0,0,NULL
675,4080,273,0,165648,11079,0,680,0,0,NULL
676,3058,347,0,124139,14102,0,680,0,0,NULL
677,3998,374,0,162335,15187,0,680,0,0,NULL
678,3116,327,0,126514,13281,0,400,0,0,NULL
679,4075,352,0,165441,14302,0,400,0,0,NULL
680,3250,259,0,131950,10498,0,340,0,0,NULL
681,3250,259,0,131950,10498,0,340,0,0,NULL
682,3315,248,0,134589,10086,0,340,0,0,NULL
683,3315,248,0,134589,10086,0,340,0,0,NULL
684,3250,248,0,131950,10086,0,340,0,0,NULL
685,3250,248,0,131950,10086,0,340,0,0,NULL
686,3185,256,0,129311,10395,0,340,0,0,NULL
687,3185,256,0,129311,10395,0,340,0,0,NULL
688,3055,246,0,124033,9985,0,400,0,0,NULL
689,3995,265,0,162197,10754,0,400,0,0,NULL
690,3995,265,0,162197,10754,0,400,0,0,NULL
691,3055,246,0,124033,9985,0,400,0,0,NULL
692,3995,265,0,162197,10754,0,400,0,0,NULL
693,2994,253,0,121552,10291,0,400,0,0,NULL
694,3915,273,0,158953,11083,0,400,0,0,NULL
695,2940,246,0,119364,9995,0,340,0,0,NULL
696,3185,256,0,129311,10395,0,340,0,0,NULL
697,4165,276,0,169099,11195,0,340,0,0,NULL
698,3995,276,0,162197,11192,0,400,0,0,NULL
699,3995,276,0,162197,11192,0,50000,0,0,NULL
700,3995,265,0,162197,10754,0,400,0,0,NULL
701,3995,265,0,162197,10754,0,50000,0,0,NULL
702,3055,256,0,124033,10393,0,400,0,0,NULL
703,3995,276,0,162197,11192,0,400,0,0,NULL
704,2820,246,0,114492,9993,0,400,0,0,NULL
705,3055,256,0,124033,10393,0,400,0,0,NULL
706,3116,246,0,126514,9985,0,400,0,0,NULL
707,4075,265,0,165441,10754,0,400,0,0,NULL
708,2876,236,0,116782,9601,0,400,0,0,NULL
709,3116,246,0,126514,9985,0,400,0,0,NULL
710,2876,236,0,116782,9601,0,400,0,0,NULL
711,3116,246,0,126514,9985,0,400,0,0,NULL
712,3995,265,0,162197,10754,0,400,0,0,NULL
713,3995,265,0,162197,10754,0,400,0,0,NULL
714,2820,236,0,114492,9601,0,400,0,0,NULL
715,3055,246,0,124033,9985,0,400,0,0,NULL
716,3915,273,0,158953,11083,0,400,0,0,NULL
717,3915,273,0,158953,11083,0,400,0,0,NULL
718,2994,253,0,121552,10291,0,400,0,0,NULL
719,3915,273,0,158953,11083,0,400,0,0,NULL
720,4518,209,0,183445,8488,0,400,0,0,NULL
721,5909,225,0,239889,9140,0,400,0,0,NULL
722,2994,253,0,121552,10291,0,400,0,0,NULL
723,3915,273,0,158953,11083,0,400,0,0,NULL
724,3995,367,0,162197,14886,0,400,0,0,NULL
725,3995,367,0,162197,14886,0,400,0,0,NULL
726,3995,367,0,162197,14886,0,400,0,0,NULL
727,3995,367,0,162197,14886,0,50000,0,0,NULL
728,3055,256,0,124033,10393,0,400,0,0,NULL
729,3995,276,0,162197,11192,0,400,0,0,NULL
730,2493,192,0,101211,7789,0,400,0,0,NULL
731,3260,207,0,132353,8388,0,400,0,0,NULL
732,3995,352,0,162197,14302,0,400,0,0,NULL
733,3995,352,0,162197,14302,0,400,0,0,NULL
734,3915,273,0,158953,11083,0,400,0,0,NULL
735,3915,273,0,158953,11083,0,400,0,0,NULL
736,4713,242,0,191328,9816,0,480,0,0,NULL
737,6163,260,0,250198,10571,0,480,0,0,NULL
738,3738,273,0,151743,11095,0,540,0,0,NULL
739,4888,294,0,198433,11948,0,540,0,0,NULL
740,4790,403,0,194464,16378,0,540,0,0,NULL
741,4790,403,0,194464,16378,0,540,0,0,NULL
742,4080,378,0,165648,15337,0,680,0,0,NULL
743,4080,378,0,165648,15337,0,680,0,0,NULL
744,3745,246,0,152065,9971,0,680,0,0,NULL
745,3745,246,0,152065,9971,0,680,0,0,NULL
746,3120,253,0,126672,10288,0,680,0,0,NULL
747,4080,273,0,165648,11079,0,680,0,0,NULL
748,2548,220,0,103449,8919,0,480,0,0,NULL
749,3332,237,0,135279,9605,0,480,0,0,NULL
750,4335,268,0,176001,10862,0,400,0,0,NULL
751,4335,268,0,176001,10862,0,400,0,0,NULL
752,4250,370,0,172550,15036,0,400,0,0,NULL
753,4250,370,0,172550,15036,0,400,0,0,NULL
754,4335,268,0,176001,10862,0,400,0,0,NULL
755,4335,268,0,176001,10862,0,400,0,0,NULL
756,3825,241,0,155295,9776,0,400,0,0,NULL
757,3825,241,0,155295,9776,0,400,0,0,NULL
758,4165,367,0,169099,14889,0,400,0,0,NULL
759,4165,367,0,169099,14889,0,400,0,0,NULL
760,3915,273,0,158953,11083,0,400,0,0,NULL
761,3915,273,0,158953,11083,0,400,0,0,NULL
762,3995,265,0,162197,10754,0,400,0,0,NULL
763,3995,265,0,162197,10754,0,400,0,0,NULL
764,3185,282,0,129311,11435,0,480,0,0,NULL
765,4165,303,0,169099,12314,0,480,0,0,NULL
766,5419,242,0,220027,9816,0,540,0,0,NULL
767,7087,260,0,287727,10571,0,540,0,0,NULL
768,2804,221,0,113862,8987,0,400,0,0,NULL
769,3667,238,0,148897,9678,0,400,0,0,NULL
770,3250,284,0,131950,11548,0,480,0,0,NULL
771,4250,306,0,172550,12436,0,480,0,0,NULL
772,3315,273,0,134589,11095,0,480,0,0,NULL
773,4335,294,0,176001,11948,0,480,0,0,NULL
774,2760,205,0,112056,8321,0,540,0,0,NULL
775,2990,213,0,121394,8654,0,540,0,0,NULL
776,3910,230,0,158746,9320,0,540,0,0,NULL
777,4263,230,0,173078,9346,0,480,0,0,NULL
778,4618,239,0,187501,9719,0,480,0,0,NULL
779,6039,258,0,245194,10467,0,480,0,0,NULL
780,3749,248,0,152189,10075,0,340,0,0,NULL
781,3749,248,0,152189,10075,0,340,0,0,NULL
782,4165,367,0,169099,14889,0,520,0,0,NULL
783,3825,251,0,155295,10175,0,400,0,0,NULL
784,3825,251,0,155295,10175,0,400,0,0,NULL
785,417,14,0,16910,560,0,340,0,0,NULL
786,4888,407,0,198433,16540,0,540,0,0,NULL
787,4888,407,0,198433,16540,0,540,0,0,NULL
788,4162,273,0,168961,11079,0,680,0,0,NULL
789,4162,273,0,168961,11079,0,680,0,0,NULL
790,4250,356,0,172550,14447,0,520,0,0,NULL
791,4250,356,0,172550,14447,0,400,0,0,NULL
792,3524,246,0,143058,9974,0,400,0,0,NULL
793,3749,248,0,152189,10075,0,400,0,0,NULL
794,2448,186,0,99389,7565,0,340,0,0,NULL
795,300,12,0,12180,485,0,340,0,0,NULL
796,3596,248,0,145977,10073,0,400,0,0,NULL
797,4250,306,0,172550,12436,0,480,0,0,NULL
798,4075,265,0,165441,10754,0,400,0,0,NULL
799,5909,225,0,239889,9140,0,400,0,0,NULL
800,3596,238,0,145977,9678,0,400,0,0,NULL
801,6163,227,0,250198,9233,0,520,0,0,NULL
802,3998,281,0,162335,11419,0,680,0,0,NULL
803,3524,246,0,143058,9974,0,400,0,0,NULL
804,3915,273,0,158953,11083,0,400,0,0,NULL
805,4080,283,0,165648,11503,0,680,0,0,NULL
806,4162,272,0,168961,11052,0,680,0,0,NULL
807,4080,272,0,165648,11052,0,680,0,0,NULL
808,3998,281,0,162335,11390,0,680,0,0,NULL
809,3995,199,0,162197,8065,0,400,0,0,NULL
810,4080,283,0,165648,11503,0,680,0,0,NULL
811,3196,161,0,129758,6548,0,400,0,0,NULL
812,3745,184,0,152065,7479,0,680,0,0,NULL
813,3915,205,0,158953,8312,0,400,0,0,NULL
814,3196,155,0,129758,6291,0,400,0,0,NULL
815,4335,221,0,176001,8961,0,480,0,0,NULL
816,3915,272,0,158953,11055,0,400,0,0,NULL
817,3995,207,0,162197,8394,0,400,0,0,NULL
818,3667,238,0,148897,9678,0,400,0,0,NULL
819,3596,179,0,145977,7259,0,400,0,0,NULL
820,3995,207,0,162197,8394,0,400,0,0,NULL
821,6163,195,0,250198,7928,0,480,0,0,NULL
822,4075,265,0,165441,10754,0,400,0,0,NULL
823,3667,238,0,148897,9678,0,400,0,0,NULL
824,3915,363,0,158953,14740,0,800,0,0,NULL
825,3400,230,0,138040,9320,0,480,0,0,NULL
826,4250,407,0,172550,16540,0,480,0,0,NULL
827,4790,403,0,194464,16378,0,540,0,0,NULL
828,4250,356,0,172550,14447,0,520,0,0,NULL
829,4250,370,0,172550,15036,0,340,0,0,NULL
830,4335,268,0,176001,10862,0,340,0,0,NULL
831,3667,131,0,148897,5323,0,400,0,0,NULL
832,3998,206,0,162335,8353,0,680,0,0,NULL
833,3998,374,0,162335,15187,0,680,0,0,NULL
834,4080,363,0,165648,14736,0,680,0,0,NULL
835,4080,273,0,165648,11079,0,680,0,0,NULL
836,4080,378,0,165648,15337,0,680,0,0,NULL
837,417,14,0,16910,560,0,340,0,0,NULL
838,5793,234,0,235186,9514,0,400,0,0,NULL
839,4075,265,0,165441,10754,0,400,0,0,NULL
840,4713,242,0,191328,9816,0,480,0,0,NULL
841,6163,260,0,250198,10571,0,480,0,0,NULL
842,2600,213,0,105560,8654,0,480,0,0,NULL
843,3400,230,0,138040,9320,0,480,0,0,NULL
844,3745,246,0,152065,9971,0,680,0,0,NULL
845,3745,246,0,152065,9971,0,680,0,0,NULL
846,4162,363,0,168961,14736,0,680,0,0,NULL
847,4162,363,0,168961,14736,0,680,0,0,NULL
848,4080,284,0,165648,11532,0,680,0,0,NULL
849,4080,284,0,165648,11532,0,680,0,0,NULL
850,3745,246,0,152065,9971,0,680,0,0,NULL
851,3745,246,0,152065,9971,0,680,0,0,NULL
852,4524,215,0,183674,8745,0,680,0,0,NULL
853,5916,232,0,240190,9417,0,680,0,0,NULL
854,3185,375,0,129311,15208,0,480,0,0,NULL
855,4165,403,0,169099,16378,0,480,0,0,NULL
856,2750,230,0,111630,9354,0,400,0,0,NULL
857,3596,248,0,145977,10073,0,400,0,0,NULL
858,4618,218,0,187501,8836,0,520,0,0,NULL
859,6039,234,0,245194,9515,0,520,0,0,NULL
860,6163,227,0,250198,9233,0,340,0,0,NULL
861,6163,227,0,250198,9233,0,340,0,0,NULL
862,3250,284,0,131950,11548,0,480,0,0,NULL
863,4250,306,0,172550,12436,0,480,0,0,NULL
864,3315,330,0,134589,13415,0,520,0,0,NULL
865,4335,356,0,176001,14447,0,520,0,0,NULL
866,3995,265,0,162197,10754,0,400,0,0,NULL
867,3995,265,0,162197,10754,0,400,0,0,NULL
868,5677,232,0,230482,9420,0,400,0,0,NULL
869,5677,232,0,230482,9420,0,400,0,0,NULL
870,4250,278,0,172550,11305,0,400,0,0,NULL
871,4250,278,0,172550,11305,0,400,0,0,NULL
872,4250,356,0,172550,14447,0,400,0,0,NULL
873,4250,356,0,172550,14447,0,400,0,0,NULL
874,4165,367,0,169099,14889,0,400,0,0,NULL
875,4165,367,0,169099,14889,0,400,0,0,NULL
876,3120,351,0,126672,14242,0,680,0,0,NULL
877,4080,378,0,165648,15337,0,680,0,0,NULL
878,3120,264,0,126672,10708,0,680,0,0,NULL
879,4080,284,0,165648,11532,0,680,0,0,NULL
880,3332,215,0,135279,8732,0,400,0,0,NULL
881,3332,215,0,135279,8732,0,400,0,0,NULL
882,4250,356,0,172550,14447,0,400,0,0,NULL
883,5916,241,0,240190,9802,0,680,0,0,NULL
884,6034,232,0,244993,9417,0,680,0,0,NULL
885,5916,232,0,240190,9417,0,680,0,0,NULL
886,3998,281,0,162335,11419,0,680,0,0,NULL
887,3995,367,0,162197,14886,0,400,0,0,NULL
888,3995,367,0,162197,14886,0,400,0,0,NULL
889,4335,268,0,176001,10862,0,400,0,0,NULL
890,4335,268,0,176001,10862,0,400,0,0,NULL
891,5916,232,0,240190,9417,0,680,0,0,NULL
892,5916,232,0,240190,9417,0,680,0,0,NULL
893,3998,281,0,162335,11419,0,680,0,0,NULL
894,3998,281,0,162335,11419,0,680,0,0,NULL
895,4250,407,0,172550,16540,0,480,0,0,NULL
896,4250,306,0,172550,12436,0,480,0,0,NULL
897,4335,294,0,176001,11948,0,480,0,0,NULL
898,3332,237,0,135279,9605,0,480,0,0,NULL
899,4162,273,0,168961,11079,0,680,0,0,NULL
900,4162,273,0,168961,11079,0,680,0,0,NULL
901,3185,256,0,129311,10395,0,340,0,0,NULL
902,4165,276,0,169099,11195,0,340,0,0,NULL
903,3250,259,0,131950,10498,0,340,0,0,NULL
904,4250,278,0,172550,11305,0,340,0,0,NULL
905,3250,259,0,131950,10498,0,340,0,0,NULL
906,4250,278,0,172550,11305,0,340,0,0,NULL
907,4250,278,0,172550,11305,0,340,0,0,NULL
908,3250,259,0,131950,10498,0,340,0,0,NULL
909,3995,276,0,162197,11192,0,400,0,0,NULL
910,3995,276,0,162197,11192,0,400,0,0,NULL
911,3250,259,0,131950,10498,0,340,0,0,NULL
912,4250,278,0,172550,11305,0,340,0,0,NULL
913,3315,248,0,134589,10086,0,340,0,0,NULL
914,4335,268,0,176001,10862,0,340,0,0,NULL
915,3116,246,0,126514,9985,0,400,0,0,NULL
916,4075,265,0,165441,10754,0,400,0,0,NULL
917,3060,239,0,124236,9698,0,340,0,0,NULL
918,3315,248,0,134589,10086,0,340,0,0,NULL
919,3995,265,0,162197,10754,0,400,0,0,NULL
920,3995,265,0,162197,10754,0,400,0,0,NULL
921,3000,239,0,121800,9698,0,340,0,0,NULL
922,3250,248,0,131950,10086,0,340,0,0,NULL
923,3000,239,0,121800,9698,0,340,0,0,NULL
924,3250,248,0,131950,10086,0,340,0,0,NULL
925,3185,256,0,129311,10395,0,340,0,0,NULL
926,4165,276,0,169099,11195,0,340,0,0,NULL
927,2940,246,0,119364,9995,0,340,0,0,NULL
928,3185,256,0,129311,10395,0,340,0,0,NULL
929,3998,281,0,162335,11419,0,680,0,0,NULL
930,3998,281,0,162335,11419,0,680,0,0,NULL
931,2804,221,0,113862,8987,0,400,0,0,NULL
932,3667,238,0,148897,9678,0,400,0,0,NULL
933,3185,341,0,129311,13825,0,340,0,0,NULL
934,4165,367,0,169099,14889,0,340,0,0,NULL
935,3995,276,0,162197,11192,0,400,0,0,NULL
936,3995,276,0,162197,11192,0,400,0,0,NULL
937,3995,276,0,162197,11192,0,400,0,0,NULL
938,3995,276,0,162197,11192,0,400,0,0,NULL
939,4807,211,0,195154,8573,0,340,0,0,NULL
940,6286,227,0,255201,9233,0,340,0,0,NULL
941,3596,238,0,145977,9678,0,400,0,0,NULL
942,3596,238,0,145977,9678,0,400,0,0,NULL
943,3915,363,0,158953,14740,0,400,0,0,NULL
944,3915,363,0,158953,14740,0,400,0,0,NULL
945,4250,370,0,172550,15036,0,400,0,0,NULL
946,4250,370,0,172550,15036,0,400,0,0,NULL
947,4335,356,0,176001,14447,0,400,0,0,NULL
948,4335,356,0,176001,14447,0,400,0,0,NULL
949,4250,268,0,172550,10862,0,400,0,0,NULL
950,4250,268,0,172550,10862,0,400,0,0,NULL
951,4165,367,0,169099,14889,0,400,0,0,NULL
952,4165,367,0,169099,14889,0,400,0,0,NULL
953,4335,356,0,176001,14447,0,400,0,0,NULL
954,4335,356,0,176001,14447,0,400,0,0,NULL
955,3825,251,0,155295,10175,0,400,0,0,NULL
956,3825,251,0,155295,10175,0,400,0,0,NULL
957,6163,237,0,250198,9610,0,400,0,0,NULL
958,4335,268,0,176001,10862,0,400,0,0,NULL
959,4335,268,0,176001,10862,0,400,0,0,NULL
960,3468,209,0,140801,8472,0,400,0,0,NULL
961,3667,238,0,148897,9678,0,400,0,0,NULL
962,7229,250,0,293482,10156,0,540,0,0,NULL
963,3998,374,0,162335,15187,0,680,0,0,NULL
964,4888,294,0,198433,11948,0,540,0,0,NULL
965,4888,407,0,198433,16540,0,540,0,0,NULL
966,4075,352,0,165441,14302,0,400,0,0,NULL
967,3524,246,0,143058,9974,0,400,0,0,NULL
968,3672,246,0,149083,9971,0,680,0,0,NULL
969,6163,237,0,250198,9610,0,520,0,0,NULL
970,3915,273,0,158953,11083,0,400,0,0,NULL
971,6039,258,0,245194,10467,0,480,0,0,NULL
972,4250,370,0,172550,15036,0,400,0,0,NULL
973,4250,370,0,172550,15036,0,400,0,0,NULL
974,4250,268,0,172550,10862,0,400,0,0,NULL
975,4250,268,0,172550,10862,0,400,0,0,NULL
976,2700,224,0,109620,9085,0,340,0,0,NULL
977,3055,246,0,124033,9985,0,400,0,0,NULL
978,3995,265,0,162197,10754,0,400,0,0,NULL
979,6163,237,0,250198,9610,0,400,0,0,NULL
980,6163,237,0,250198,9610,0,400,0,0,NULL
981,3315,248,0,134589,10086,0,400,0,0,NULL
982,4335,268,0,176001,10862,0,400,0,0,NULL
983,3185,341,0,129311,13825,0,400,0,0,NULL
984,4165,367,0,169099,14889,0,400,0,0,NULL
985,3995,276,0,162197,11192,0,400,0,0,NULL
986,3995,276,0,162197,11192,0,400,0,0,NULL
987,4250,356,0,172550,14447,0,400,0,0,NULL
988,3995,367,0,162197,14886,0,400,0,0,NULL
989,3995,367,0,162197,14886,0,400,0,0,NULL
990,3055,256,0,124033,10393,0,400,0,0,NULL
991,3995,276,0,162197,11192,0,400,0,0,NULL
992,2804,221,0,113862,8987,0,400,0,0,NULL
993,3667,238,0,148897,9678,0,400,0,0,NULL
994,3116,246,0,126514,9985,0,400,0,0,NULL
995,4075,265,0,165441,10754,0,400,0,0,NULL
996,3995,352,0,162197,14302,0,400,0,0,NULL
997,3995,352,0,162197,14302,0,400,0,0,NULL
998,4430,209,0,179848,8488,0,400,0,0,NULL
999,5793,225,0,235186,9140,0,400,0,0,NULL
1000,2395,198,0,97242,8027,0,400,0,0,NULL
1001,3132,213,0,127162,8644,0,400,0,0,NULL
1002,2994,253,0,121552,10291,0,400,0,0,NULL
1003,3915,273,0,158953,11083,0,400,0,0,NULL
1004,3250,363,0,131950,14756,0,480,0,0,NULL
1005,4250,391,0,172550,15891,0,480,0,0,NULL
1006,3120,264,0,126672,10708,0,680,0,0,NULL
1007,4080,284,0,165648,11532,0,680,0,0,NULL
1008,4162,363,0,168961,14736,0,680,0,0,NULL
1009,4162,363,0,168961,14736,0,680,0,0,NULL
1010,3672,246,0,149083,9971,0,680,0,0,NULL
1011,3672,246,0,149083,9971,0,680,0,0,NULL
1012,4080,284,0,165648,11532,0,680,0,0,NULL
1013,4080,284,0,165648,11532,0,680,0,0,NULL
1014,6034,232,0,244993,9417,0,680,0,0,NULL
1015,6034,232,0,244993,9417,0,680,0,0,NULL
1016,2496,198,0,101338,8025,0,680,0,0,NULL
1017,3264,213,0,132518,8642,0,680,0,0,NULL
1018,3998,374,0,162335,15187,0,680,0,0,NULL
1019,3998,374,0,162335,15187,0,680,0,0,NULL
1020,2750,230,0,111630,9354,0,400,0,0,NULL
1021,3596,248,0,145977,10073,0,400,0,0,NULL
1022,2804,221,0,113862,8987,0,400,0,0,NULL
1023,3667,238,0,148897,9678,0,400,0,0,NULL
1024,3915,363,0,158953,14740,0,400,0,0,NULL
1025,3915,363,0,158953,14740,0,400,0,0,NULL
1026,3055,340,0,124033,13823,0,400,0,0,NULL
1027,3995,367,0,162197,14886,0,400,0,0,NULL
1028,4075,265,0,165441,10754,0,400,0,0,NULL
1029,4075,265,0,165441,10754,0,400,0,0,NULL
1030,4075,265,0,165441,10754,0,400,0,0,NULL
1031,3596,238,0,145977,9678,0,400,0,0,NULL
1032,3596,238,0,145977,9678,0,400,0,0,NULL
1033,3132,213,0,127162,8644,0,400,0,0,NULL
1034,3132,213,0,127162,8644,0,400,0,0,NULL
1035,3902,241,0,158401,9776,0,340,0,0,NULL
1036,3902,241,0,158401,9776,0,340,0,0,NULL
1037,4165,276,0,169099,11195,0,340,0,0,NULL
1038,4165,276,0,169099,11195,0,340,0,0,NULL
1039,3825,241,0,155295,9776,0,400,0,0,NULL
1040,3825,241,0,155295,9776,0,400,0,0,NULL
1041,4080,378,0,165648,15337,0,680,0,0,NULL
1042,4080,378,0,165648,15337,0,680,0,0,NULL
1043,3745,246,0,152065,9971,0,680,0,0,NULL
1044,3745,246,0,152065,9971,0,680,0,0,NULL
1045,4250,306,0,172550,12436,0,480,0,0,NULL
1046,4250,407,0,172550,16540,0,480,0,0,NULL
1047,4075,265,0,165441,10754,0,400,0,0,NULL
1048,7229,250,0,293482,10156,0,540,0,0,NULL
1049,3995,265,0,162197,10754,0,400,0,0,NULL
1050,4080,273,0,165648,11079,0,680,0,0,NULL
1051,3915,273,0,158953,11083,0,400,0,0,NULL
1052,3199,219,0,129868,8906,0,680,0,0,NULL
1053,3998,281,0,162335,11419,0,680,0,0,NULL
1054,3998,281,0,162335,11419,0,680,0,0,NULL
1055,4250,370,0,172550,15036,0,400,0,0,NULL
1056,4335,356,0,176001,14447,0,400,0,0,NULL
1057,4250,356,0,172550,14447,0,400,0,0,NULL
1058,3998,374,0,162335,15187,0,680,0,0,NULL
1059,3182,253,0,129205,10288,0,680,0,0,NULL
1060,4162,273,0,168961,11079,0,680,0,0,NULL
1061,4618,239,0,187501,9719,0,480,0,0,NULL
1062,6039,258,0,245194,10467,0,480,0,0,NULL
1063,3672,246,0,149083,9971,0,680,0,0,NULL
1064,3672,246,0,149083,9971,0,680,0,0,NULL
1065,4080,378,0,165648,15337,0,680,0,0,NULL
1066,4080,378,0,165648,15337,0,680,0,0,NULL
1067,3738,284,0,151743,11548,0,540,0,0,NULL
1068,4888,306,0,198433,12436,0,540,0,0,NULL
1069,3745,246,0,152065,9971,0,680,0,0,NULL
1070,3745,246,0,152065,9971,0,680,0,0,NULL
1071,4162,363,0,168961,14736,0,680,0,0,NULL
1072,3995,352,0,162197,14302,0,400,0,0,NULL
1073,3995,352,0,162197,14302,0,400,0,0,NULL
1074,3599,253,0,146102,10277,0,680,0,0,NULL
1075,3599,253,0,146102,10277,0,680,0,0,NULL
1076,4335,268,0,176001,10862,0,400,0,0,NULL
1077,4335,268,0,176001,10862,0,400,0,0,NULL
1078,4335,268,0,176001,10862,0,400,0,0,NULL
1079,100,1000,0,100,1000,0,2000000,0,0,NULL
1080,100,1000,0,100,1000,0,2000000,0,0,NULL
1081,100,1000,0,100,1000,0,2000000,0,0,NULL
1082,100,1000,0,100,1000,0,2000000,0,0,NULL
1083,3599,253,0,146102,10277,0,680,0,0,NULL
1084,3599,253,0,146102,10277,0,680,0,0,NULL
1085,3902,241,0,158401,9776,0,400,0,0,NULL
1086,3902,241,0,158401,9776,0,400,0,0,NULL
1087,4335,268,0,176001,10862,0,400,0,0,NULL
1088,3902,241,0,158401,9776,0,340,0,0,NULL
1089,3902,241,0,158401,9776,0,340,0,0,NULL
1090,4165,367,0,169099,14889,0,400,0,0,NULL
1091,4165,367,0,169099,14889,0,400,0,0,NULL
1092,4075,352,0,165441,14302,0,400,0,0,NULL
1093,4165,367,0,169099,14889,0,340,0,0,NULL
1094,2925,246,0,118755,9985,0,480,0,0,NULL
1095,3825,265,0,155295,10754,0,480,0,0,NULL
1096,2925,233,0,118755,9448,0,340,0,0,NULL
1097,3825,251,0,155295,10175,0,340,0,0,NULL
1098,3524,246,0,143058,9974,0,400,0,0,NULL
1099,3524,246,0,143058,9974,0,400,0,0,NULL
1100,3995,367,0,162197,14886,0,400,0,0,NULL
1101,3995,367,0,162197,14886,0,400,0,0,NULL
1102,4335,294,0,176001,11948,0,480,0,0,NULL
1103,4335,294,0,176001,11948,0,480,0,0,NULL
1104,2750,221,0,111630,8987,0,400,0,0,NULL
1105,3596,238,0,145977,9678,0,400,0,0,NULL
1106,3915,363,0,158953,14740,0,400,0,0,NULL
1107,3915,363,0,158953,14740,0,400,0,0,NULL
1108,4165,367,0,169099,14889,0,400,0,0,NULL
1109,3825,251,0,155295,10175,0,400,0,0,NULL
1110,3825,251,0,155295,10175,0,400,0,0,NULL
1111,4250,356,0,172550,14447,0,400,0,0,NULL
1112,4250,356,0,172550,14447,0,400,0,0,NULL
1113,4250,268,0,172550,10862,0,400,0,0,NULL
1114,3902,265,0,158401,10754,0,480,0,0,NULL
1115,3902,265,0,158401,10754,0,480,0,0,NULL
1116,4080,378,0,165648,15337,0,680,0,0,NULL
1117,3902,241,0,158401,9776,0,400,0,0,NULL
1118,3196,207,0,129758,8388,0,400,0,0,NULL
1119,3915,363,0,158953,14740,0,400,0,0,NULL
1120,3998,374,0,162335,15187,0,680,0,0,NULL
1121,4335,268,0,176001,10862,0,400,0,0,NULL
1122,4250,268,0,172550,10862,0,400,0,0,NULL
1123,4250,268,0,172550,10862,0,400,0,0,NULL
1124,3825,251,0,155295,10175,0,400,0,0,NULL
1125,3825,251,0,155295,10175,0,400,0,0,NULL
1126,6286,227,0,255201,9233,0,400,0,0,NULL
1127,4250,356,0,172550,14447,0,400,0,0,NULL
1128,3749,248,0,152189,10075,0,400,0,0,NULL
1129,4250,306,0,172550,12436,0,480,0,0,NULL
1130,4250,306,0,172550,12436,0,480,0,0,NULL
1131,3902,241,0,158401,9776,0,400,0,0,NULL
1132,3902,241,0,158401,9776,0,400,0,0,NULL
1133,3915,363,0,158953,14740,0,400,0,0,NULL
1134,3915,363,0,158953,14740,0,400,0,0,NULL
1135,4335,356,0,176001,14447,0,400,0,0,NULL
1136,4335,356,0,176001,14447,0,400,0,0,NULL
1137,3825,251,0,155295,10175,0,400,0,0,NULL
1138,3825,251,0,155295,10175,0,400,0,0,NULL
1139,4335,268,0,176001,10862,0,400,0,0,NULL
1140,4335,268,0,176001,10862,0,400,0,0,NULL
1141,3995,265,0,162197,10754,0,400,0,0,NULL
1142,3995,265,0,162197,10754,0,400,0,0,NULL
1143,2867,230,0,116380,9356,0,400,0,0,NULL
1144,3749,248,0,152189,10075,0,400,0,0,NULL
1145,5311,239,0,215626,9719,0,540,0,0,NULL
1146,6945,258,0,281973,10467,0,540,0,0,NULL
1147,3672,256,0,149083,10378,0,680,0,0,NULL
1148,3672,256,0,149083,10378,0,680,0,0,NULL
1149,3672,246,0,149083,9971,0,680,0,0,NULL
1150,3672,246,0,149083,9971,0,680,0,0,NULL
1151,2496,206,0,101338,8352,0,680,0,0,NULL
1152,3264,222,0,132518,8995,0,680,0,0,NULL
1153,6034,232,0,244993,9417,0,680,0,0,NULL
1154,6034,232,0,244993,9417,0,680,0,0,NULL
1155,4080,273,0,165648,11079,0,680,0,0,NULL
1156,4080,273,0,165648,11079,0,680,0,0,NULL
1157,3998,374,0,162335,15187,0,680,0,0,NULL
1158,3998,374,0,162335,15187,0,680,0,0,NULL
1159,4335,356,0,176001,14447,0,400,0,0,NULL
1160,4335,356,0,176001,14447,0,400,0,0,NULL
1161,4165,367,0,169099,14889,0,400,0,0,NULL
1162,4165,367,0,169099,14889,0,400,0,0,NULL
1163,4165,367,0,169099,14889,0,400,0,0,NULL
1164,3400,217,0,138040,8818,0,400,0,0,NULL
1165,3400,217,0,138040,8818,0,400,0,0,NULL
1166,4250,356,0,172550,14447,0,400,0,0,NULL
1167,4250,356,0,172550,14447,0,400,0,0,NULL
1168,3749,248,0,152189,10075,0,400,0,0,NULL
1169,3749,248,0,152189,10075,0,400,0,0,NULL
1170,4399,276,0,178589,11192,0,540,0,0,NULL
1171,4335,268,0,176001,10862,0,400,0,0,NULL
1172,4165,276,0,169099,11195,0,400,0,0,NULL
1173,3468,209,0,140801,8472,0,340,0,0,NULL
1174,3199,219,0,129868,8906,0,680,0,0,NULL
1175,3995,276,0,162197,11192,0,400,0,0,NULL
1176,4250,278,0,172550,11305,0,400,0,0,NULL
1177,4075,265,0,165441,10754,0,400,0,0,NULL
1178,4335,356,0,176001,14447,0,340,0,0,NULL
1179,4335,356,0,176001,14447,0,400,0,0,NULL
1180,6163,227,0,250198,9233,0,520,0,0,NULL
1181,4250,268,0,172550,10862,0,400,0,0,NULL
1182,4250,268,0,172550,10862,0,400,0,0,NULL
1183,6039,234,0,245194,9515,0,340,0,0,NULL
1184,4165,367,0,169099,14889,0,400,0,0,NULL
1185,3332,215,0,135279,8732,0,400,0,0,NULL
1186,4165,276,0,169099,11195,0,400,0,0,NULL
1187,2500,265,0,101500,10740,0,340,0,0,NULL
1188,2550,191,0,103530,7759,0,340,0,0,NULL
1189,2000,149,0,81200,6052,0,340,0,0,NULL
1190,2450,262,0,99470,10635,0,340,0,0,NULL
1191,3749,248,0,152189,10075,0,340,0,0,NULL
1192,4165,276,0,169099,11195,0,340,0,0,NULL
1193,3995,367,0,162197,14886,0,400,0,0,NULL
1194,4335,268,0,176001,10862,0,340,0,0,NULL
1195,4335,268,0,176001,10862,0,340,0,0,NULL
1196,4075,265,0,165441,10754,0,400,0,0,NULL
1197,4335,268,0,176001,10862,0,400,0,0,NULL
1198,4250,356,0,172550,14447,0,520,0,0,NULL
1199,3332,237,0,135279,9605,0,480,0,0,NULL
1200,2925,224,0,118755,9078,0,340,0,0,NULL
1201,3825,241,0,155295,9776,0,340,0,0,NULL
1202,3672,256,0,149083,10378,0,680,0,0,NULL
1203,3672,256,0,149083,10378,0,680,0,0,NULL
1204,4162,363,0,168961,14736,0,680,0,0,NULL
1205,4162,363,0,168961,14736,0,680,0,0,NULL
1206,3998,374,0,162335,15187,0,680,0,0,NULL
1207,3998,374,0,162335,15187,0,680,0,0,NULL
1208,5916,241,0,240190,9802,0,680,0,0,NULL
1209,5916,241,0,240190,9802,0,680,0,0,NULL
1210,3182,337,0,129205,13683,0,680,0,0,NULL
1211,4162,363,0,168961,14736,0,680,0,0,NULL
1212,3672,246,0,149083,9971,0,680,0,0,NULL
1213,3672,246,0,149083,9971,0,680,0,0,NULL
1214,3998,281,0,162335,11419,0,680,0,0,NULL
1215,3998,281,0,162335,11419,0,680,0,0,NULL
1216,3116,327,0,126514,13281,0,400,0,0,NULL
1217,4075,352,0,165441,14302,0,400,0,0,NULL
1218,5793,225,0,235186,9140,0,400,0,0,NULL
1219,5793,225,0,235186,9140,0,400,0,0,NULL
1220,3915,273,0,158953,11083,0,400,0,0,NULL
1221,3915,273,0,158953,11083,0,400,0,0,NULL
1222,3596,238,0,145977,9678,0,400,0,0,NULL
1223,3596,238,0,145977,9678,0,400,0,0,NULL
1224,3055,340,0,124033,13823,0,400,0,0,NULL
1225,3995,367,0,162197,14886,0,400,0,0,NULL
1226,4075,352,0,165441,14302,0,400,0,0,NULL
1227,4075,352,0,165441,14302,0,400,0,0,NULL
1228,3995,352,0,162197,14302,0,400,0,0,NULL
1229,3995,352,0,162197,14302,0,400,0,0,NULL
1230,3332,237,0,135279,9605,0,480,0,0,NULL
1231,3332,237,0,135279,9605,0,480,0,0,NULL
1232,4165,367,0,169099,14889,0,400,0,0,NULL
1233,4165,367,0,169099,14889,0,400,0,0,NULL
1234,4250,370,0,172550,15036,0,400,0,0,NULL
1235,4250,370,0,172550,15036,0,400,0,0,NULL
1236,3185,256,0,129311,10395,0,340,0,0,NULL
1237,4165,276,0,169099,11195,0,340,0,0,NULL
1238,4335,356,0,176001,14447,0,340,0,0,NULL
1239,4335,356,0,176001,14447,0,340,0,0,NULL
1240,5793,225,0,235186,9140,0,400,0,0,NULL
1241,5793,225,0,235186,9140,0,400,0,0,NULL
1242,3995,276,0,162197,11192,0,400,0,0,NULL
1243,3995,276,0,162197,11192,0,400,0,0,NULL
1244,3995,367,0,162197,14886,0,400,0,0,NULL
1245,3995,367,0,162197,14886,0,400,0,0,NULL
1246,3260,207,0,132353,8388,0,400,0,0,NULL
1247,3260,207,0,132353,8388,0,400,0,0,NULL
1248,2444,192,0,99226,7789,0,400,0,0,NULL
1249,3196,207,0,129758,8388,0,400,0,0,NULL
1250,3915,363,0,158953,14740,0,400,0,0,NULL
1251,3915,363,0,158953,14740,0,400,0,0,NULL
1252,3120,337,0,126672,13683,0,680,0,0,NULL
1253,4080,363,0,165648,14736,0,680,0,0,NULL
1254,4162,363,0,168961,14736,0,680,0,0,NULL
1255,4162,363,0,168961,14736,0,680,0,0,NULL
1256,3998,374,0,162335,15187,0,680,0,0,NULL
1257,3998,374,0,162335,15187,0,680,0,0,NULL
1258,4162,363,0,168961,14736,0,680,0,0,NULL
1259,4162,363,0,168961,14736,0,680,0,0,NULL
1260,4080,378,0,165648,15337,0,680,0,0,NULL
1261,4080,378,0,165648,15337,0,680,0,0,NULL
1262,4162,363,0,168961,14736,0,680,0,0,NULL
1263,4162,363,0,168961,14736,0,680,0,0,NULL
1264,4080,363,0,165648,14736,0,680,0,0,NULL
1265,4080,363,0,165648,14736,0,680,0,0,NULL
1266,3058,347,0,124139,14102,0,680,0,0,NULL
1267,3998,374,0,162335,15187,0,680,0,0,NULL
1268,4250,370,0,172550,15036,0,400,0,0,NULL
1269,4250,370,0,172550,15036,0,400,0,0,NULL
1270,4250,370,0,172550,15036,0,400,0,0,NULL
1271,4250,370,0,172550,15036,0,400,0,0,NULL
1272,4250,370,0,172550,15036,0,400,0,0,NULL
1273,3995,276,0,162197,11192,0,400,0,0,NULL
1274,3196,207,0,129758,8388,0,400,0,0,NULL
1275,4080,378,0,165648,15337,0,680,0,0,NULL
1276,4162,363,0,168961,14736,0,680,0,0,NULL
1277,3998,374,0,162335,15187,0,680,0,0,NULL
1278,6039,234,0,245194,9515,0,340,0,0,NULL
1279,6039,234,0,245194,9515,0,340,0,0,NULL
1280,3995,265,0,162197,10754,0,400,0,0,NULL
1281,4075,352,0,165441,14302,0,400,0,0,NULL
1282,3825,251,0,155295,10175,0,340,0,0,NULL
1283,3825,251,0,155295,10175,0,340,0,0,NULL
1284,6163,227,0,250198,9233,0,340,0,0,NULL
1285,6163,227,0,250198,9233,0,340,0,0,NULL
1286,5677,232,0,230482,9420,0,400,0,0,NULL
1287,5677,232,0,230482,9420,0,400,0,0,NULL
1288,5677,232,0,230482,9420,0,400,0,0,NULL
1289,3400,209,0,138040,8472,0,340,0,0,NULL
1290,6163,227,0,250198,9233,0,340,0,0,NULL
1291,3749,273,0,152189,11083,0,480,0,0,NULL
1292,3749,273,0,152189,11083,0,480,0,0,NULL
1293,3995,367,0,162197,14886,0,400,0,0,NULL
1294,3995,367,0,162197,14886,0,400,0,0,NULL
1297,3468,209,0,140801,8472,0,340,0,0,NULL
1298,3468,209,0,140801,8472,0,340,0,0,NULL
1299,4165,276,0,169099,11195,0,340,0,0,NULL
1300,3902,241,0,158401,9776,0,340,0,0,NULL
1301,3902,241,0,158401,9776,0,340,0,0,NULL
1302,4165,276,0,169099,11195,0,340,0,0,NULL
1303,4165,276,0,169099,11195,0,340,0,0,NULL
1304,3825,241,0,155295,9776,0,340,0,0,NULL
1305,3825,241,0,155295,9776,0,340,0,0,NULL
1306,4165,367,0,169099,14889,0,340,0,0,NULL
1307,4165,367,0,169099,14889,0,340,0,0,NULL
1324,3315,273,0,134589,11095,0,480,0,0,NULL
1325,4335,294,0,176001,11948,0,480,0,0,NULL
1326,3329,213,0,135169,8642,0,680,0,0,NULL
1327,3329,213,0,135169,8642,0,680,0,0,NULL
1328,4080,378,0,165648,15337,0,680,0,0,NULL
1329,4080,378,0,165648,15337,0,680,0,0,NULL
1330,4165,367,0,169099,14889,0,400,0,0,NULL
1331,4165,367,0,169099,14889,0,400,0,0,NULL
1332,5916,241,0,240190,9802,0,680,0,0,NULL
1333,5916,241,0,240190,9802,0,680,0,0,NULL
1334,2546,198,0,103364,8025,0,680,0,0,NULL
1335,3329,213,0,135169,8642,0,680,0,0,NULL
1336,3672,246,0,149083,9971,0,680,0,0,NULL
1337,3672,246,0,149083,9971,0,680,0,0,NULL
1338,3998,374,0,162335,15187,0,680,0,0,NULL
1339,3998,374,0,162335,15187,0,680,0,0,NULL
1342,3825,251,0,155295,10175,0,520,0,0,NULL
1343,3825,251,0,155295,10175,0,520,0,0,NULL
1351,3995,367,0,162197,14886,0,400,0,0,NULL
1352,3596,238,0,145977,9678,0,400,0,0,NULL
1353,3596,238,0,145977,9678,0,400,0,0,NULL
1354,3468,230,0,140801,9320,0,480,0,0,NULL
1355,3998,281,0,162335,11419,0,680,0,0,NULL
1356,4250,306,0,172550,12436,0,480,0,0,NULL
1357,4080,273,0,165648,11079,0,680,0,0,NULL
1358,3832,237,0,155571,9605,0,540,0,0,NULL
1359,3995,276,0,162197,11192,0,400,0,0,NULL
1360,3995,276,0,162197,11192,0,400,0,0,NULL
1362,3196,215,0,129758,8730,0,400,0,0,NULL
1363,3995,352,0,162197,14302,0,400,0,0,NULL
1364,4075,352,0,165441,14302,0,400,0,0,NULL
1373,2867,253,0,116380,10291,0,480,0,0,NULL
1374,3749,273,0,152189,11083,0,480,0,0,NULL
1375,4250,278,0,172550,11305,0,400,0,0,NULL
1376,4250,278,0,172550,11305,0,400,0,0,NULL
1379,3596,238,0,145977,9678,0,400,0,0,NULL
1380,3596,238,0,145977,9678,0,400,0,0,NULL
1405,3596,238,0,145977,9678,0,540,0,0,NULL
1407,3915,273,0,158953,11083,0,400,0,0,NULL
1408,3915,273,0,158953,11083,0,400,0,0,NULL
1409,3260,207,0,132353,8388,0,400,0,0,NULL
1410,3260,207,0,132353,8388,0,400,0,0,NULL
1431,5798,239,0,235386,9706,0,680,0,0,NULL
1432,5798,239,0,235386,9706,0,680,0,0,NULL
1436,3055,327,0,124033,13281,0,400,0,0,NULL
1437,3995,352,0,162197,14302,0,400,0,0,NULL
1438,4075,265,0,165441,10754,0,400,0,0,NULL
1439,4075,265,0,165441,10754,0,400,0,0,NULL
1440,3524,246,0,143058,9974,0,400,0,0,NULL
1441,3524,246,0,143058,9974,0,400,0,0,NULL
1442,5793,234,0,235186,9514,0,400,0,0,NULL
1443,5793,234,0,235186,9514,0,400,0,0,NULL
1444,3596,248,0,145977,10073,0,400,0,0,NULL
1445,3596,248,0,145977,10073,0,400,0,0,NULL
1446,4335,356,0,176001,14447,0,340,0,0,NULL
1447,3902,241,0,158401,9776,0,340,0,0,NULL
1448,4250,268,0,172550,10862,0,400,0,0,NULL
1449,4250,268,0,172550,10862,0,400,0,0,NULL
1450,2867,230,0,116380,9356,0,340,0,0,NULL
1451,4165,276,0,169099,11195,0,340,0,0,NULL
1466,4075,352,0,165441,14302,0,400,0,0,NULL
1467,3995,352,0,162197,14302,0,400,0,0,NULL
1468,4335,356,0,176001,14447,0,340,0,0,NULL
1469,3749,248,0,152189,10075,0,340,0,0,NULL
1470,4250,278,0,172550,11305,0,340,0,0,NULL
1471,4250,278,0,172550,11305,0,340,0,0,NULL
1495,4165,276,0,169099,11195,0,400,0,0,NULL
1496,6286,227,0,255201,9233,0,400,0,0,NULL
1497,3400,209,0,138040,8472,0,400,0,0,NULL
1498,3400,209,0,138040,8472,0,400,0,0,NULL
1499,3599,253,0,146102,10277,0,680,0,0,NULL
1500,3599,253,0,146102,10277,0,680,0,0,NULL
1501,4250,294,0,172550,11948,0,480,0,0,NULL
1502,3995,367,0,162197,14886,0,400,0,0,NULL
1503,4311,273,0,175017,11083,0,540,0,0,NULL
1504,2500,199,0,101500,8075,0,340,0,0,NULL
1505,3698,162,0,150119,6595,0,340,0,0,NULL
1506,2450,262,0,99470,10635,0,340,0,0,NULL
1507,2700,215,0,109620,8728,0,340,0,0,NULL
1508,3250,259,0,131950,10498,0,340,0,0,NULL
1509,6034,232,0,244993,9417,0,680,0,0,NULL
1510,3058,261,0,124139,10603,0,680,0,0,NULL
1511,3998,281,0,162335,11419,0,680,0,0,NULL
1512,3998,281,0,162335,11419,0,680,0,0,NULL
1523,4250,294,0,172550,11948,0,480,0,0,NULL
1524,4250,294,0,172550,11948,0,480,0,0,NULL
1525,4250,306,0,172550,12436,0,480,0,0,NULL
1526,4250,306,0,172550,12436,0,480,0,0,NULL
1551,3995,367,0,162197,14886,0,400,0,0,NULL
1552,3995,367,0,162197,14886,0,400,0,0,NULL
1553,4075,352,0,165441,14302,0,400,0,0,NULL
1554,3524,246,0,143058,9974,0,400,0,0,NULL
1555,5793,225,0,235186,9140,0,400,0,0,NULL
1556,4075,265,0,165441,10754,0,400,0,0,NULL
1557,4075,265,0,165441,10754,0,400,0,0,NULL
1558,3596,238,0,145977,9678,0,400,0,0,NULL
1559,3596,238,0,145977,9678,0,400,0,0,NULL
1560,3596,248,0,145977,10073,0,400,0,0,NULL
1561,3915,273,0,158953,11083,0,400,0,0,NULL
1562,3915,273,0,158953,11083,0,400,0,0,NULL
1563,3596,238,0,145977,9678,0,400,0,0,NULL
1564,3596,238,0,145977,9678,0,400,0,0,NULL
1565,4075,352,0,165441,14302,0,400,0,0,NULL
1566,4075,352,0,165441,14302,0,400,0,0,NULL
1567,3196,215,0,129758,8730,0,400,0,0,NULL
1568,3667,238,0,148897,9678,0,400,0,0,NULL
1569,3667,238,0,148897,9678,0,400,0,0,NULL
1570,3915,273,0,158953,11083,0,400,0,0,NULL
1571,3995,367,0,162197,14886,0,400,0,0,NULL
1572,3995,367,0,162197,14886,0,400,0,0,NULL
1573,6286,227,0,255201,9233,0,400,0,0,NULL
1574,3749,248,0,152189,10075,0,400,0,0,NULL
1575,3995,352,0,162197,14302,0,400,0,0,NULL
1576,3995,352,0,162197,14302,0,400,0,0,NULL
1577,3915,363,0,158953,14740,0,400,0,0,NULL
1578,5793,234,0,235186,9514,0,400,0,0,NULL
1579,5793,234,0,235186,9514,0,400,0,0,NULL
1580,5793,234,0,235186,9514,0,400,0,0,NULL
1581,3825,251,0,155295,10175,0,400,0,0,NULL
1582,3825,251,0,155295,10175,0,400,0,0,NULL
1583,4250,370,0,172550,15036,0,400,0,0,NULL
1584,4618,218,0,187501,8836,0,400,0,0,NULL
1585,6039,234,0,245194,9515,0,400,0,0,NULL
1586,6039,234,0,245194,9515,0,400,0,0,NULL
1587,3260,207,0,132353,8388,0,400,0,0,NULL
1588,3260,207,0,132353,8388,0,400,0,0,NULL
1697,3995,367,0,162197,14886,0,400,0,0,NULL
1698,3995,367,0,162197,14886,0,400,0,0,NULL
1699,4075,352,0,165441,14302,0,680,0,0,NULL
1700,3745,246,0,152065,9971,0,680,0,0,NULL
1701,3596,238,0,145977,9678,0,400,0,0,NULL
1702,3596,238,0,145977,9678,0,400,0,0,NULL
1703,3596,248,0,145977,10073,0,400,0,0,NULL
1704,3596,238,0,145977,9678,0,400,0,0,NULL
1705,3596,238,0,145977,9678,0,400,0,0,NULL
1706,3196,215,0,129758,8730,0,400,0,0,NULL
1707,4335,391,0,176001,15891,0,480,0,0,NULL
1708,4335,391,0,176001,15891,0,480,0,0,NULL
1709,3672,246,0,149083,9971,0,680,0,0,NULL
1710,3672,246,0,149083,9971,0,680,0,0,NULL
1711,3915,363,0,158953,14740,0,400,0,0,NULL
1712,4075,352,0,165441,14302,0,400,0,0,NULL
1713,3995,276,0,162197,11192,0,400,0,0,NULL
1714,3995,276,0,162197,11192,0,400,0,0,NULL
1715,4250,391,0,172550,15891,0,480,0,0,NULL
1716,4250,391,0,172550,15891,0,480,0,0,NULL
1717,2925,233,0,118755,9448,0,340,0,0,NULL
1718,3749,248,0,152189,10075,0,340,0,0,NULL
1719,417,14,0,16910,560,0,340,0,0,NULL
5001,4080,378,0,165648,15337,0,680,0,0,NULL
5002,4080,378,0,165648,15337,0,680,0,0,NULL
5003,3902,265,0,158401,10754,0,480,0,0,NULL
5004,3902,265,0,158401,10754,0,480,0,0,NULL
5005,4335,268,0,176001,10862,0,400,0,0,NULL
5006,4335,268,0,176001,10862,0,400,0,0,NULL
5007,3524,246,0,143058,9974,0,400,0,0,NULL
5008,3524,246,0,143058,9974,0,400,0,0,NULL
5011,5793,225,0,235186,9140,0,400,0,0,NULL
5012,5793,225,0,235186,9140,0,400,0,0,NULL
6001,2500,199,0,101500,8075,0,340,0,0,NULL
6002,2350,197,0,95410,7995,0,400,0,0,NULL
6003,3000,273,0,121800,11104,0,480,0,0,NULL
6004,2500,219,0,101500,8883,0,480,0,0,NULL
6005,3120,253,0,126672,10288,0,680,0,0,NULL
6006,4080,273,0,165648,11079,0,680,0,0,NULL
6007,3250,284,0,131950,11548,0,480,0,0,NULL
6008,3120,264,0,126672,10708,0,680,0,0,NULL
6009,3995,276,0,162197,11192,0,400,0,0,NULL
6010,3995,276,0,162197,11192,0,400,0,0,NULL
6011,2500,191,0,101500,7759,0,340,0,0,NULL
6012,2450,217,0,99470,8796,0,480,0,0,NULL
6013,2500,191,0,101500,7759,0,520,0,0,NULL
6014,3250,273,0,131950,11095,0,480,0,0,NULL
6015,3250,273,0,131950,11095,0,480,0,0,NULL
6016,3995,265,0,162197,10754,0,400,0,0,NULL
6017,3995,265,0,162197,10754,0,400,0,0,NULL
6018,3250,284,0,131950,11548,0,480,0,0,NULL
6019,4250,306,0,172550,12436,0,480,0,0,NULL
6020,3738,273,0,151743,11095,0,540,0,0,NULL
8001,2587,321,0,105040,13017,0,680,0,0,NULL
8002,2587,321,0,105040,13017,0,680,0,0,NULL
8003,4586,214,0,186176,8705,0,540,0,0,NULL
8004,4586,214,0,186176,8705,0,540,0,0,NULL
8005,2585,227,0,104951,9217,0,400,0,0,NULL
8006,2585,227,0,104951,9217,0,400,0,0,NULL
8007,2750,349,0,111650,14177,0,480,0,0,NULL
8008,2750,349,0,111650,14177,0,480,0,0,NULL
8009,4162,363,0,168961,14736,0,680,0,0,NULL
8010,4162,363,0,168961,14736,0,680,0,0,NULL
8011,3998,281,0,162335,11419,0,680,0,0,NULL
8012,3998,281,0,162335,11419,0,680,0,0,NULL
8013,3185,256,0,129311,10395,0,340,0,0,NULL
8014,4165,276,0,169099,11195,0,340,0,0,NULL
8015,2984,224,0,121130,9078,0,340,0,0,NULL
8016,3902,241,0,158401,9776,0,340,0,0,NULL
8017,3315,248,0,134589,10086,0,340,0,0,NULL
8018,4335,268,0,176001,10862,0,340,0,0,NULL
8019,3185,256,0,129311,10395,0,340,0,0,NULL
8020,4165,276,0,169099,11195,0,340,0,0,NULL
8021,2548,200,0,103449,8108,0,340,0,0,NULL
8022,3332,215,0,135279,8732,0,340,0,0,NULL
8023,3000,331,0,121800,13425,0,340,0,0,NULL
8024,3250,344,0,131950,13962,0,340,0,0,NULL
8025,4350,211,0,176610,8580,0,340,0,0,NULL
8026,4713,220,0,191328,8923,0,340,0,0,NULL
8027,2700,215,0,109620,8728,0,340,0,0,NULL
8028,2925,224,0,118755,9078,0,340,0,0,NULL
8029,2600,194,0,105560,7867,0,340,0,0,NULL
8030,3400,209,0,138040,8472,0,340,0,0,NULL
8031,4080,284,0,165648,11532,0,680,0,0,NULL
8032,4080,284,0,165648,11532,0,680,0,0,NULL
8033,4162,363,0,168961,14736,0,680,0,0,NULL
8034,4162,363,0,168961,14736,0,680,0,0,NULL
8035,3196,207,0,129758,8388,0,400,0,0,NULL
8036,3196,207,0,129758,8388,0,400,0,0,NULL
8037,3995,367,0,162197,14886,0,400,0,0,NULL
8038,3995,367,0,162197,14886,0,400,0,0,NULL
8039,5798,239,0,235386,9706,0,680,0,0,NULL
8040,5798,239,0,235386,9706,0,680,0,0,NULL
8041,4080,273,0,165648,11079,0,680,0,0,NULL
8042,4080,273,0,165648,11079,0,680,0,0,NULL
8043,4162,273,0,168961,11079,0,680,0,0,NULL
8044,4162,273,0,168961,11079,0,680,0,0,NULL
8045,3185,256,0,129311,10395,0,340,0,0,NULL
8046,4165,276,0,169099,11195,0,340,0,0,NULL
8047,3250,259,0,131950,10498,0,340,0,0,NULL
8048,4250,278,0,172550,11305,0,340,0,0,NULL
8049,3250,259,0,131950,10498,0,340,0,0,NULL
8050,4250,278,0,172550,11305,0,340,0,0,NULL
8051,4250,278,0,172550,11305,0,340,0,0,NULL
8052,3250,259,0,131950,10498,0,340,0,0,NULL
8053,3995,276,0,162197,11192,0,400,0,0,NULL
8054,3995,276,0,162197,11192,0,400,0,0,NULL
8055,3250,259,0,131950,10498,0,340,0,0,NULL
8056,4250,278,0,172550,11305,0,340,0,0,NULL
8057,3315,248,0,134589,10086,0,340,0,0,NULL
8058,4335,268,0,176001,10862,0,340,0,0,NULL
8059,3116,246,0,126514,9985,0,400,0,0,NULL
8060,4075,265,0,165441,10754,0,400,0,0,NULL
8061,3060,239,0,124236,9698,0,340,0,0,NULL
8062,3315,248,0,134589,10086,0,340,0,0,NULL
8063,3995,265,0,162197,10754,0,400,0,0,NULL
8064,3995,265,0,162197,10754,0,400,0,0,NULL
8065,3000,239,0,121800,9698,0,340,0,0,NULL
8066,3250,248,0,131950,10086,0,340,0,0,NULL
8067,3000,239,0,121800,9698,0,340,0,0,NULL
8068,3250,248,0,131950,10086,0,340,0,0,NULL
8069,3185,256,0,129311,10395,0,340,0,0,NULL
8070,4165,276,0,169099,11195,0,340,0,0,NULL
8071,2940,246,0,119364,9995,0,340,0,0,NULL
8072,3185,256,0,129311,10395,0,340,0,0,NULL
8073,4165,276,0,169099,11195,0,340,0,0,NULL
8074,4250,268,0,172550,10862,0,340,0,0,NULL
8077,4250,268,0,172550,10862,0,340,0,0,NULL
8078,4250,268,0,172550,10862,0,340,0,0,NULL
8079,4250,278,0,172550,11305,0,340,0,0,NULL
8080,4250,278,0,172550,11305,0,340,0,0,NULL
8081,4335,268,0,176001,10862,0,340,0,0,NULL
8082,4335,268,0,176001,10862,0,340,0,0,NULL
8083,4165,276,0,169099,11195,0,340,0,0,NULL
8084,4165,276,0,169099,11195,0,340,0,0,NULL
8085,4335,268,0,176001,10862,0,340,0,0,NULL
8086,4165,276,0,169099,11195,0,340,0,0,NULL
8087,4250,278,0,172550,11305,0,340,0,0,NULL
8088,4250,278,0,172550,11305,0,340,0,0,NULL
8089,4335,268,0,176001,10862,0,340,0,0,NULL
8090,4335,268,0,176001,10862,0,340,0,0,NULL
8095,100,1000,0,100,1000,0,998876,0,0,NULL
8096,100,1000,0,100,1000,0,998876,0,0,NULL
8097,100,1000,0,100,1000,0,998876,0,0,NULL
8098,100,1000,0,100,1000,0,998876,0,0,NULL
8099,4162,273,0,168961,11079,0,680,0,0,NULL
8100,4162,273,0,168961,11079,0,680,0,0,NULL
8101,3998,374,0,162335,15187,0,680,0,0,NULL
8102,3998,374,0,162335,15187,0,680,0,0,NULL
8103,3672,256,0,149083,10378,0,680,0,0,NULL
8104,3672,256,0,149083,10378,0,680,0,0,NULL
8105,6034,232,0,244993,9417,0,680,0,0,NULL
8106,6034,232,0,244993,9417,0,680,0,0,NULL
8111,4080,273,0,165648,11079,0,680,0,0,NULL
8112,4080,273,0,165648,11079,0,680,0,0,NULL
8113,4165,367,0,169099,14889,0,400,0,0,NULL
8114,4165,367,0,169099,14889,0,400,0,0,NULL
8115,3995,352,0,162197,14302,0,400,0,0,NULL
8116,3995,352,0,162197,14302,0,400,0,0,NULL
8117,3988,230,0,161921,9320,0,540,0,0,NULL
8118,3988,230,0,161921,9320,0,540,0,0,NULL
8119,4985,391,0,202401,15891,0,540,0,0,NULL
8120,4985,391,0,202401,15891,0,540,0,0,NULL
8121,3915,363,0,158953,14740,0,400,0,0,NULL
8122,3915,363,0,158953,14740,0,400,0,0,NULL
8127,3902,241,0,158401,9776,0,400,0,0,NULL
8128,4162,273,0,168961,11079,0,680,0,0,NULL
8129,3825,241,0,155295,9776,0,400,0,0,NULL
8130,4080,284,0,165648,11532,0,680,0,0,NULL
8131,3196,207,0,129758,8388,0,400,0,0,NULL
8132,3995,367,0,162197,14886,0,400,0,0,NULL
8133,3196,207,0,129758,8388,0,400,0,0,NULL
8134,3995,276,0,162197,11192,0,400,0,0,NULL
8135,3998,374,0,162335,15187,0,680,0,0,NULL
8136,3998,374,0,162335,15187,0,680,0,0,NULL
8137,4075,265,0,165441,10754,0,400,0,0,NULL
8138,3995,367,0,162197,14886,0,400,0,0,NULL
9001,3995,367,0,162197,14886,0,400,0,0,NULL
9002,3995,367,0,162197,14886,0,400,0,0,NULL
9003,3988,230,0,161921,9320,0,540,0,0,NULL
9004,3988,230,0,161921,9320,0,540,0,0,NULL
9005,6163,227,0,250198,9233,0,400,0,0,NULL
9006,6163,227,0,250198,9233,0,400,0,0,NULL
9007,3825,251,0,155295,10175,0,400,0,0,NULL
9008,3825,251,0,155295,10175,0,400,0,0,NULL
10101,4250,268,0,172550,10862,0,340,0,0,NULL
10102,3000,331,0,121800,13425,0,400,0,0,NULL
10103,3250,344,0,131950,13962,0,400,0,0,NULL
